# optical data for the DSHARP composition
# Birnstiel et al. 2018, ApJL, 869, L45 (https://github.com/birnstiel/dsharp_opac)
#
# Bruggeman-Mix of 4 species (porosity = 0.0)
# | material                             | volume fractions | mass fractions |
# |--------------------------------------|------------------|----------------|
# | Water Ice (Warren & Brandt 2008)     | 0.36419          | 0.20000        |
# | Astronomical Silicates (Draine 2003) | 0.16703          | 0.32902        |
# | Troilite (Henning & Stognienko 1996) | 0.02578          | 0.07434        |
# | Organics (Henning & Stognienko 1996) | 0.44300          | 0.39665        |
#
# wavelength [micron]    n    k
1.000000e-01    1.434897e+00    6.747255e-01
1.023332e-01    1.484111e+00    6.555827e-01
1.047209e-01    1.533559e+00    6.316455e-01
1.071643e-01    1.557033e+00    5.979120e-01
1.096647e-01    1.574796e+00    5.687363e-01
1.122234e-01    1.592948e+00    5.435355e-01
1.148418e-01    1.612671e+00    5.218384e-01
1.175214e-01    1.634694e+00    5.026983e-01
1.202634e-01    1.661136e+00    4.846247e-01
1.230694e-01    1.688820e+00    4.603977e-01
1.259409e-01    1.707741e+00    4.311869e-01
1.288794e-01    1.710417e+00    3.983146e-01
1.318865e-01    1.703071e+00    3.775574e-01
1.349637e-01    1.698547e+00    3.724630e-01
1.381127e-01    1.704909e+00    3.888921e-01
1.413352e-01    1.744315e+00    3.963475e-01
1.446329e-01    1.795131e+00    3.654637e-01
1.480075e-01    1.832898e+00    3.013670e-01
1.514609e-01    1.836401e+00    2.366581e-01
1.549948e-01    1.835850e+00    1.855720e-01
1.586112e-01    1.814170e+00    1.420641e-01
1.623120e-01    1.771388e+00    1.141925e-01
1.660991e-01    1.734471e+00    1.045782e-01
1.699746e-01    1.704233e+00    9.953970e-02
1.739405e-01    1.677765e+00    9.612210e-02
1.779989e-01    1.664178e+00    9.518760e-02
1.821520e-01    1.655895e+00    9.565350e-02
1.864021e-01    1.648680e+00    9.679369e-02
1.907513e-01    1.642198e+00    9.845066e-02
1.952019e-01    1.636616e+00    1.006158e-01
1.997565e-01    1.631475e+00    1.031878e-01
2.044172e-01    1.629064e+00    1.025967e-01
2.091868e-01    1.626954e+00    1.019326e-01
2.140676e-01    1.625747e+00    1.015276e-01
2.190623e-01    1.624839e+00    1.013243e-01
2.241735e-01    1.623910e+00    9.895282e-02
2.294040e-01    1.623180e+00    9.626459e-02
2.347565e-01    1.622691e+00    9.373547e-02
2.402340e-01    1.622388e+00    9.133592e-02
2.458392e-01    1.622319e+00    8.906035e-02
2.515752e-01    1.621939e+00    8.669646e-02
2.574450e-01    1.620701e+00    8.399465e-02
2.634518e-01    1.619618e+00    8.139101e-02
2.695987e-01    1.618564e+00    7.888107e-02
2.758891e-01    1.617556e+00    7.646099e-02
2.823262e-01    1.616647e+00    7.412687e-02
2.889136e-01    1.615766e+00    7.187688e-02
2.956546e-01    1.614968e+00    6.970917e-02
3.025529e-01    1.614714e+00    6.778611e-02
3.096122e-01    1.615320e+00    6.620545e-02
3.168361e-01    1.616038e+00    6.466952e-02
3.242287e-01    1.616080e+00    6.020611e-02
3.317937e-01    1.616098e+00    5.585943e-02
3.395352e-01    1.616136e+00    5.190538e-02
3.474573e-01    1.616206e+00    4.830785e-02
3.555643e-01    1.614804e+00    4.517548e-02
3.638605e-01    1.612708e+00    4.237240e-02
3.723502e-01    1.610667e+00    3.980657e-02
3.810380e-01    1.608636e+00    3.745729e-02
3.899285e-01    1.606651e+00    3.530638e-02
3.990264e-01    1.604732e+00    3.333780e-02
4.083367e-01    1.602946e+00    3.101688e-02
4.178641e-01    1.601201e+00    2.888835e-02
4.276138e-01    1.599487e+00    2.699154e-02
4.375911e-01    1.597791e+00    2.530182e-02
4.478011e-01    1.596169e+00    2.379608e-02
4.582493e-01    1.594436e+00    2.309707e-02
4.689414e-01    1.592666e+00    2.260553e-02
4.798828e-01    1.590931e+00    2.213309e-02
4.910796e-01    1.589210e+00    2.167904e-02
5.025377e-01    1.587513e+00    2.124276e-02
5.142630e-01    1.585832e+00    2.082322e-02
5.262620e-01    1.584142e+00    2.041952e-02
5.385409e-01    1.583077e+00    2.005105e-02
5.511063e-01    1.582237e+00    1.970612e-02
5.639649e-01    1.581454e+00    1.937654e-02
5.771235e-01    1.580630e+00    1.902104e-02
5.905892e-01    1.579740e+00    1.865359e-02
6.043690e-01    1.578848e+00    1.831015e-02
6.184703e-01    1.577955e+00    1.798936e-02
6.329007e-01    1.577070e+00    1.769003e-02
6.476677e-01    1.576200e+00    1.741099e-02
6.627793e-01    1.575437e+00    1.745141e-02
6.782435e-01    1.574680e+00    1.754886e-02
6.940685e-01    1.573949e+00    1.764589e-02
7.102627e-01    1.573225e+00    1.774280e-02
7.268348e-01    1.572476e+00    1.783883e-02
7.437936e-01    1.572188e+00    1.799176e-02
7.611480e-01    1.572018e+00    1.816118e-02
7.789074e-01    1.571818e+00    1.833374e-02
7.970811e-01    1.571613e+00    1.850982e-02
8.156788e-01    1.571447e+00    1.868959e-02
8.347105e-01    1.571274e+00    1.887306e-02
8.541863e-01    1.571104e+00    1.895555e-02
8.741164e-01    1.570968e+00    1.865615e-02
8.945116e-01    1.570820e+00    1.836336e-02
9.153826e-01    1.570675e+00    1.807686e-02
9.367406e-01    1.570542e+00    1.779686e-02
9.585970e-01    1.570398e+00    1.752308e-02
9.809633e-01    1.570257e+00    1.725560e-02
1.003851e+00    1.570049e+00    1.702078e-02
1.027274e+00    1.569687e+00    1.692361e-02
1.051242e+00    1.569335e+00    1.682749e-02
1.075770e+00    1.568962e+00    1.673230e-02
1.100870e+00    1.568581e+00    1.663836e-02
1.126556e+00    1.568211e+00    1.654585e-02
1.152842e+00    1.567782e+00    1.646594e-02
1.179740e+00    1.566904e+00    1.648268e-02
1.207266e+00    1.566050e+00    1.650040e-02
1.235434e+00    1.565173e+00    1.651841e-02
1.264260e+00    1.564252e+00    1.654171e-02
1.293758e+00    1.563362e+00    1.656638e-02
1.323945e+00    1.563073e+00    1.748396e-02
1.354835e+00    1.562995e+00    1.861756e-02
1.386447e+00    1.563143e+00    1.869976e-02
1.418796e+00    1.563056e+00    1.898794e-02
1.451900e+00    1.562791e+00    1.947697e-02
1.485776e+00    1.562597e+00    2.002947e-02
1.520442e+00    1.562448e+00    2.047356e-02
1.555918e+00    1.562467e+00    2.052357e-02
1.592221e+00    1.562525e+00    2.042734e-02
1.629371e+00    1.562519e+00    2.034669e-02
1.667388e+00    1.562329e+00    2.021101e-02
1.706292e+00    1.561890e+00    2.002004e-02
1.746104e+00    1.561416e+00    1.984899e-02
1.786845e+00    1.560859e+00    1.970000e-02
1.828536e+00    1.560100e+00    1.939801e-02
1.871200e+00    1.559147e+00    1.906304e-02
1.914859e+00    1.557948e+00    1.892255e-02
1.959538e+00    1.556487e+00    1.904701e-02
2.005258e+00    1.555238e+00    1.898742e-02
2.052045e+00    1.553918e+00    1.924153e-02
2.099924e+00    1.552347e+00    1.945804e-02
2.148921e+00    1.550475e+00    1.980625e-02
2.199060e+00    1.548361e+00    1.985524e-02
2.250369e+00    1.546204e+00    2.009804e-02
2.302875e+00    1.543691e+00    2.052717e-02
2.356607e+00    1.540692e+00    2.101083e-02
2.411592e+00    1.536972e+00    2.144798e-02
2.467860e+00    1.532590e+00    2.190972e-02
2.525441e+00    1.527424e+00    2.293393e-02
2.584365e+00    1.521015e+00    2.476369e-02
2.644665e+00    1.512135e+00    2.693913e-02
2.706371e+00    1.499764e+00    2.982990e-02
2.769517e+00    1.481140e+00    3.569241e-02
2.834136e+00    1.453849e+00    5.271326e-02
2.900263e+00    1.419853e+00    1.064113e-01
2.967933e+00    1.439845e+00    1.793627e-01
3.037182e+00    1.489618e+00    2.595924e-01
3.108046e+00    1.630967e+00    2.588287e-01
3.180564e+00    1.699300e+00    1.785010e-01
3.254774e+00    1.694054e+00    1.094257e-01
3.330716e+00    1.675694e+00    8.045311e-02
3.408429e+00    1.659683e+00    5.695095e-02
3.487956e+00    1.648148e+00    4.083019e-02
3.569338e+00    1.633546e+00    3.489777e-02
3.652619e+00    1.620735e+00    3.188769e-02
3.737843e+00    1.609454e+00    2.981141e-02
3.825055e+00    1.602741e+00    2.965496e-02
3.914303e+00    1.597776e+00    2.998309e-02
4.005633e+00    1.593374e+00    3.050665e-02
4.099093e+00    1.588754e+00    3.149404e-02
4.194735e+00    1.584659e+00    3.245497e-02
4.292608e+00    1.580897e+00    3.390442e-02
4.392764e+00    1.577946e+00    3.608047e-02
4.495258e+00    1.577314e+00    3.783292e-02
4.600143e+00    1.577055e+00    3.654715e-02
4.707475e+00    1.574210e+00    3.428215e-02
4.817311e+00    1.569944e+00    3.329930e-02
4.929710e+00    1.565439e+00    3.311663e-02
5.044732e+00    1.560137e+00    3.366555e-02
5.162437e+00    1.554045e+00    3.464311e-02
5.282889e+00    1.547699e+00    3.611465e-02
5.406151e+00    1.540820e+00    4.064235e-02
5.532289e+00    1.533751e+00    4.677677e-02
5.661370e+00    1.528793e+00    5.505655e-02
5.793463e+00    1.526554e+00    6.623005e-02
5.928638e+00    1.528443e+00    7.758815e-02
6.066967e+00    1.533787e+00    8.180017e-02
6.208523e+00    1.540222e+00    8.172062e-02
6.353383e+00    1.544343e+00    8.047797e-02
6.501622e+00    1.546926e+00    7.944704e-02
6.653320e+00    1.548601e+00    7.863653e-02
6.808557e+00    1.547937e+00    7.732777e-02
6.967417e+00    1.543102e+00    7.434666e-02
7.129983e+00    1.536656e+00    7.144614e-02
7.296342e+00    1.528986e+00    6.926936e-02
7.466583e+00    1.518784e+00    6.813979e-02
7.640795e+00    1.506850e+00    7.028243e-02
7.819073e+00    1.493368e+00    7.627505e-02
8.001510e+00    1.479489e+00    8.632484e-02
8.188204e+00    1.468885e+00    1.000870e-01
8.379254e+00    1.460488e+00    1.158986e-01
8.574761e+00    1.453530e+00    1.289873e-01
8.774830e+00    1.444342e+00    1.449793e-01
8.979568e+00    1.435981e+00    1.676738e-01
9.189082e+00    1.436624e+00    1.951912e-01
9.403485e+00    1.445575e+00    2.201497e-01
9.622890e+00    1.459282e+00    2.362953e-01
9.847414e+00    1.469530e+00    2.459130e-01
1.007718e+01    1.472462e+00    2.555566e-01
1.031230e+01    1.474034e+00    2.702480e-01
1.055291e+01    1.476078e+00    2.871630e-01
1.079914e+01    1.479841e+00    3.115279e-01
1.105110e+01    1.493179e+00    3.409813e-01
1.130895e+01    1.518275e+00    3.645250e-01
1.157282e+01    1.545778e+00    3.787399e-01
1.184284e+01    1.575153e+00    3.879236e-01
1.211916e+01    1.603241e+00    3.894607e-01
1.240193e+01    1.627114e+00    3.873985e-01
1.269129e+01    1.648272e+00    3.790680e-01
1.298741e+01    1.669829e+00    3.721660e-01
1.329044e+01    1.685081e+00    3.639731e-01
1.360053e+01    1.695595e+00    3.536533e-01
1.391787e+01    1.704981e+00    3.387800e-01
1.424260e+01    1.708706e+00    3.266100e-01
1.457491e+01    1.707362e+00    3.188869e-01
1.491498e+01    1.704982e+00    3.173740e-01
1.526298e+01    1.706339e+00    3.185077e-01
1.561910e+01    1.709607e+00    3.232614e-01
1.598353e+01    1.715033e+00    3.313007e-01
1.635647e+01    1.722114e+00    3.420146e-01
1.673810e+01    1.731072e+00    3.440373e-01
1.712864e+01    1.740723e+00    3.376158e-01
1.752829e+01    1.750200e+00    3.319178e-01
1.793727e+01    1.760849e+00    3.272454e-01
1.835578e+01    1.765704e+00    3.275121e-01
1.878407e+01    1.771039e+00    3.297649e-01
1.922234e+01    1.778414e+00    3.296655e-01
1.967085e+01    1.789909e+00    3.240967e-01
2.012981e+01    1.799266e+00    3.149785e-01
2.059949e+01    1.799552e+00    3.058101e-01
2.108012e+01    1.797689e+00    2.991239e-01
2.157197e+01    1.794836e+00    2.963625e-01
2.207529e+01    1.791825e+00    2.942870e-01
2.259036e+01    1.788758e+00    2.919009e-01
2.311745e+01    1.783847e+00    2.913126e-01
2.365683e+01    1.778145e+00    2.967137e-01
2.420880e+01    1.772188e+00    3.023338e-01
2.477365e+01    1.766308e+00    3.090284e-01
2.535168e+01    1.765976e+00    3.196165e-01
2.594319e+01    1.769082e+00    3.341441e-01
2.654850e+01    1.772333e+00    3.500996e-01
2.716794e+01    1.781225e+00    3.575902e-01
2.780183e+01    1.791195e+00    3.657451e-01
2.845052e+01    1.802323e+00    3.746242e-01
2.911433e+01    1.813123e+00    3.849599e-01
2.979364e+01    1.824815e+00    3.907064e-01
3.048879e+01    1.837234e+00    3.894539e-01
3.120017e+01    1.849843e+00    3.889108e-01
3.192814e+01    1.859509e+00    3.884728e-01
3.267310e+01    1.866895e+00    3.891174e-01
3.343544e+01    1.873763e+00    3.893292e-01
3.421556e+01    1.879351e+00    3.872757e-01
3.501389e+01    1.882163e+00    3.872353e-01
3.583085e+01    1.883659e+00    3.885718e-01
3.666687e+01    1.883918e+00    3.927754e-01
3.752239e+01    1.887868e+00    4.004390e-01
3.839787e+01    1.895887e+00    4.098139e-01
3.929379e+01    1.902573e+00    4.117904e-01
4.021060e+01    1.906936e+00    4.144582e-01
4.114881e+01    1.906739e+00    4.172862e-01
4.210891e+01    1.902853e+00    4.267667e-01
4.309140e+01    1.897454e+00    4.439093e-01
4.409683e+01    1.894462e+00    4.746263e-01
4.512571e+01    1.904776e+00    5.218420e-01
4.617860e+01    1.944773e+00    5.808138e-01
4.725605e+01    2.029888e+00    6.075480e-01
4.835865e+01    2.107808e+00    5.781809e-01
4.948696e+01    2.148402e+00    5.295840e-01
5.064161e+01    2.167503e+00    4.884068e-01
5.182320e+01    2.175646e+00    4.588639e-01
5.303235e+01    2.181175e+00    4.377936e-01
5.426972e+01    2.190859e+00    4.235881e-01
5.553596e+01    2.204752e+00    3.992824e-01
5.683174e+01    2.207221e+00    3.680139e-01
5.815776e+01    2.193299e+00    3.417892e-01
5.951472e+01    2.169800e+00    3.332883e-01
6.090333e+01    2.157157e+00    3.458730e-01
6.232435e+01    2.157688e+00    3.572978e-01
6.377852e+01    2.164638e+00    3.666498e-01
6.526662e+01    2.176953e+00    3.724043e-01
6.678945e+01    2.192007e+00    3.745425e-01
6.834780e+01    2.208472e+00    3.724098e-01
6.994251e+01    2.224819e+00    3.667035e-01
7.157444e+01    2.239404e+00    3.567893e-01
7.324443e+01    2.252591e+00    3.452914e-01
7.495340e+01    2.263229e+00    3.313949e-01
7.670223e+01    2.269925e+00    3.170343e-01
7.849188e+01    2.274576e+00    3.052212e-01
8.032327e+01    2.279012e+00    2.939918e-01
8.219740e+01    2.282682e+00    2.834178e-01
8.411526e+01    2.285901e+00    2.733630e-01
8.607786e+01    2.288344e+00    2.638318e-01
8.808626e+01    2.290028e+00    2.548269e-01
9.014152e+01    2.291436e+00    2.462478e-01
9.224473e+01    2.292595e+00    2.381159e-01
9.439702e+01    2.293631e+00    2.303473e-01
9.659952e+01    2.294509e+00    2.229773e-01
9.885341e+01    2.295291e+00    2.159447e-01
1.011599e+02    2.295924e+00    2.093456e-01
1.035202e+02    2.296404e+00    2.031483e-01
1.059356e+02    2.296823e+00    1.971827e-01
1.084073e+02    2.297168e+00    1.911928e-01
1.109367e+02    2.297411e+00    1.854312e-01
1.135251e+02    2.297469e+00    1.799004e-01
1.161739e+02    2.297516e+00    1.746839e-01
1.188845e+02    2.297555e+00    1.698014e-01
1.216583e+02    2.297709e+00    1.652164e-01
1.244969e+02    2.297984e+00    1.608648e-01
1.274017e+02    2.298231e+00    1.566030e-01
1.303743e+02    2.298373e+00    1.521411e-01
1.334162e+02    2.298463e+00    1.478357e-01
1.365291e+02    2.298147e+00    1.437014e-01
1.397147e+02    2.297783e+00    1.397084e-01
1.429746e+02    2.297354e+00    1.359977e-01
1.463105e+02    2.296924e+00    1.325511e-01
1.497243e+02    2.296561e+00    1.292884e-01
1.532177e+02    2.296180e+00    1.261967e-01
1.567926e+02    2.295904e+00    1.231884e-01
1.604509e+02    2.295761e+00    1.202734e-01
1.641946e+02    2.295810e+00    1.175855e-01
1.680257e+02    2.295864e+00    1.149765e-01
1.719461e+02    2.295924e+00    1.124441e-01
1.759580e+02    2.295979e+00    1.099864e-01
1.800635e+02    2.296009e+00    1.076016e-01
1.842648e+02    2.296045e+00    1.052872e-01
1.885641e+02    2.296086e+00    1.030411e-01
1.929638e+02    2.296134e+00    1.008616e-01
1.974661e+02    2.296188e+00    9.874664e-02
2.020734e+02    2.296205e+00    9.656047e-02
2.067883e+02    2.296174e+00    9.427697e-02
2.116131e+02    2.296214e+00    9.208758e-02
2.165505e+02    2.296391e+00    9.001222e-02
2.216032e+02    2.296573e+00    8.799709e-02
2.267737e+02    2.296754e+00    8.604345e-02
2.320648e+02    2.296931e+00    8.415218e-02
2.374795e+02    2.297113e+00    8.231585e-02
2.430204e+02    2.297376e+00    8.050815e-02
2.486906e+02    2.297673e+00    7.872157e-02
2.544932e+02    2.297788e+00    7.699289e-02
2.604311e+02    2.297922e+00    7.533960e-02
2.665075e+02    2.297963e+00    7.372631e-02
2.727258e+02    2.298011e+00    7.216186e-02
2.790891e+02    2.298004e+00    7.066188e-02
2.856009e+02    2.297971e+00    6.921569e-02
2.922647e+02    2.297943e+00    6.781205e-02
2.990839e+02    2.297921e+00    6.644956e-02
3.060622e+02    2.298036e+00    6.522409e-02
3.132033e+02    2.298178e+00    6.404580e-02
3.205111e+02    2.298326e+00    6.289845e-02
3.279894e+02    2.298480e+00    6.178100e-02
3.356421e+02    2.298640e+00    6.069244e-02
3.434734e+02    2.298806e+00    5.963173e-02
3.514875e+02    2.299011e+00    5.850290e-02
3.596885e+02    2.299373e+00    5.696224e-02
3.680809e+02    2.299737e+00    5.547767e-02
3.766690e+02    2.300105e+00    5.404675e-02
3.854576e+02    2.300476e+00    5.266711e-02
3.944512e+02    2.300850e+00    5.133648e-02
4.036547e+02    2.301222e+00    5.007177e-02
4.130729e+02    2.301593e+00    4.886677e-02
4.227109e+02    2.301966e+00    4.770276e-02
4.325737e+02    2.302343e+00    4.657784e-02
4.426666e+02    2.302722e+00    4.549015e-02
4.529951e+02    2.302963e+00    4.429702e-02
4.635645e+02    2.302845e+00    4.281414e-02
4.743806e+02    2.302727e+00    4.141971e-02
4.854490e+02    2.302608e+00    4.010690e-02
4.967756e+02    2.302490e+00    3.886936e-02
5.083665e+02    2.302328e+00    3.778329e-02
5.202279e+02    2.302147e+00    3.678033e-02
5.323660e+02    2.301966e+00    3.582308e-02
5.447874e+02    2.301784e+00    3.490841e-02
5.574985e+02    2.301599e+00    3.404639e-02
5.705063e+02    2.301411e+00    3.322539e-02
5.838175e+02    2.301223e+00    3.243816e-02
5.974393e+02    2.301032e+00    3.168234e-02
6.113790e+02    2.300951e+00    3.094190e-02
6.256439e+02    2.300885e+00    3.022840e-02
6.402416e+02    2.300817e+00    2.954698e-02
6.551800e+02    2.300746e+00    2.889610e-02
6.704668e+02    2.300672e+00    2.827140e-02
6.861104e+02    2.300596e+00    2.767182e-02
7.021189e+02    2.300516e+00    2.709590e-02
7.185010e+02    2.300433e+00    2.654500e-02
7.352653e+02    2.300346e+00    2.601164e-02
7.524208e+02    2.300257e+00    2.549513e-02
7.699765e+02    2.300164e+00    2.499699e-02
7.879418e+02    2.300067e+00    2.451294e-02
8.063263e+02    2.299990e+00    2.406833e-02
8.251398e+02    2.299941e+00    2.368137e-02
8.443923e+02    2.299888e+00    2.329868e-02
8.640939e+02    2.299833e+00    2.292016e-02
8.842552e+02    2.299773e+00    2.254572e-02
9.048869e+02    2.299719e+00    2.217520e-02
9.260001e+02    2.299686e+00    2.180835e-02
9.476058e+02    2.299650e+00    2.144538e-02
9.697157e+02    2.299611e+00    2.108624e-02
9.923414e+02    2.299567e+00    2.073088e-02
1.015495e+03    2.299572e+00    2.041635e-02
1.039189e+03    2.299600e+00    2.012207e-02
1.063436e+03    2.299624e+00    1.982914e-02
1.088248e+03    2.299645e+00    1.953758e-02
1.113639e+03    2.299662e+00    1.924745e-02
1.139623e+03    2.299676e+00    1.895878e-02
1.166213e+03    2.299686e+00    1.867162e-02
1.193424e+03    2.299692e+00    1.838602e-02
1.221269e+03    2.299742e+00    1.810225e-02
1.249764e+03    2.299788e+00    1.782017e-02
1.278924e+03    2.299799e+00    1.753973e-02
1.308764e+03    2.299824e+00    1.726333e-02
1.339301e+03    2.299892e+00    1.699349e-02
1.370550e+03    2.299955e+00    1.672438e-02
1.402528e+03    2.300015e+00    1.645612e-02
1.435252e+03    2.300070e+00    1.618882e-02
1.468740e+03    2.300120e+00    1.592259e-02
1.503009e+03    2.300157e+00    1.565602e-02
1.538078e+03    2.300091e+00    1.537462e-02
1.573965e+03    2.300019e+00    1.509480e-02
1.610689e+03    2.299942e+00    1.481672e-02
1.648270e+03    2.299859e+00    1.454056e-02
1.686728e+03    2.299772e+00    1.426647e-02
1.726083e+03    2.299679e+00    1.399462e-02
1.766357e+03    2.299581e+00    1.372518e-02
1.807570e+03    2.299478e+00    1.345829e-02
1.849745e+03    2.299370e+00    1.319411e-02
1.892904e+03    2.299257e+00    1.293278e-02
1.937070e+03    2.299139e+00    1.267445e-02
1.982266e+03    2.299016e+00    1.241923e-02
2.028517e+03    2.299266e+00    1.217158e-02
2.075847e+03    2.299750e+00    1.193049e-02
2.124281e+03    2.300231e+00    1.169344e-02
2.173846e+03    2.300708e+00    1.146045e-02
2.224567e+03    2.301181e+00    1.123155e-02
2.276471e+03    2.301651e+00    1.100679e-02
2.329586e+03    2.302119e+00    1.078616e-02
2.383941e+03    2.302583e+00    1.056970e-02
2.439564e+03    2.303045e+00    1.035739e-02
2.496485e+03    2.303510e+00    1.014929e-02
2.554733e+03    2.303987e+00    9.945414e-03
2.614341e+03    2.304277e+00    9.744861e-03
2.675340e+03    2.303977e+00    9.545842e-03
2.737762e+03    2.303675e+00    9.350997e-03
2.801640e+03    2.303370e+00    9.160303e-03
2.867009e+03    2.303064e+00    8.973728e-03
2.933903e+03    2.302756e+00    8.791241e-03
3.002358e+03    2.302456e+00    8.612484e-03
3.072410e+03    2.302466e+00    8.429034e-03
3.144096e+03    2.302473e+00    8.250166e-03
3.217455e+03    2.302479e+00    8.075803e-03
3.292526e+03    2.302484e+00    7.905871e-03
3.369348e+03    2.302488e+00    7.740288e-03
3.447963e+03    2.302490e+00    7.578974e-03
3.528412e+03    2.302492e+00    7.421846e-03
3.610738e+03    2.302492e+00    7.268818e-03
3.694985e+03    2.302492e+00    7.119805e-03
3.781198e+03    2.302491e+00    6.974720e-03
3.869422e+03    2.302489e+00    6.833476e-03
3.959704e+03    2.302487e+00    6.695986e-03
4.052094e+03    2.302482e+00    6.562148e-03
4.146638e+03    2.302474e+00    6.431878e-03
4.243389e+03    2.302466e+00    6.305099e-03
4.342397e+03    2.302457e+00    6.181722e-03
4.443715e+03    2.302448e+00    6.061660e-03
4.547398e+03    2.302439e+00    5.944827e-03
4.653499e+03    2.302430e+00    5.831137e-03
4.762076e+03    2.302421e+00    5.720505e-03
4.873186e+03    2.302412e+00    5.612847e-03
4.986889e+03    2.302403e+00    5.508081e-03
5.103245e+03    2.302400e+00    5.406424e-03
5.222315e+03    2.302397e+00    5.307521e-03
5.344164e+03    2.302394e+00    5.211257e-03
5.468856e+03    2.302391e+00    5.117554e-03
5.596457e+03    2.302389e+00    5.026338e-03
5.727036e+03    2.302389e+00    4.938278e-03
5.860661e+03    2.302395e+00    4.855328e-03
5.997404e+03    2.302402e+00    4.774462e-03
6.137337e+03    2.302411e+00    4.695612e-03
6.280535e+03    2.302417e+00    4.618672e-03
6.427075e+03    2.302423e+00    4.543590e-03
6.577033e+03    2.302430e+00    4.470340e-03
6.730491e+03    2.302437e+00    4.398862e-03
6.887529e+03    2.302445e+00    4.329100e-03
7.048231e+03    2.302453e+00    4.260991e-03
7.212683e+03    2.302461e+00    4.194470e-03
7.380971e+03    2.302470e+00    4.129510e-03
7.553187e+03    2.302479e+00    4.066063e-03
7.729420e+03    2.302489e+00    4.004083e-03
7.909765e+03    2.302499e+00    3.943524e-03
8.094319e+03    2.302510e+00    3.884343e-03
8.283178e+03    2.302521e+00    3.826498e-03
8.476444e+03    2.302533e+00    3.769949e-03
8.674219e+03    2.302545e+00    3.714657e-03
8.876609e+03    2.302558e+00    3.660585e-03
9.083721e+03    2.302573e+00    3.607066e-03
9.295665e+03    2.302591e+00    3.553833e-03
9.512555e+03    2.302610e+00    3.501757e-03
9.734505e+03    2.302627e+00    3.450867e-03
9.961633e+03    2.302645e+00    3.401048e-03
1.019406e+04    2.302637e+00    3.340126e-03
1.043191e+04    2.302625e+00    3.278332e-03
1.067531e+04    2.302613e+00    3.217991e-03
1.092439e+04    2.302602e+00    3.159066e-03
1.117928e+04    2.302610e+00    3.100577e-03
1.144012e+04    2.302627e+00    3.043069e-03
1.170705e+04    2.302644e+00    2.986927e-03
1.198020e+04    2.302662e+00    2.932112e-03
1.225973e+04    2.302680e+00    2.878592e-03
1.254578e+04    2.302693e+00    2.826268e-03
1.283850e+04    2.302702e+00    2.775117e-03
1.313805e+04    2.302711e+00    2.725164e-03
1.344459e+04    2.302720e+00    2.676380e-03
1.375828e+04    2.302730e+00    2.628732e-03
1.407930e+04    2.302740e+00    2.582192e-03
1.440780e+04    2.302750e+00    2.536731e-03
1.474397e+04    2.302761e+00    2.492320e-03
1.508798e+04    2.302767e+00    2.448952e-03
1.544002e+04    2.302761e+00    2.406633e-03
1.580027e+04    2.302756e+00    2.365281e-03
1.616892e+04    2.302751e+00    2.324873e-03
1.654618e+04    2.302746e+00    2.285384e-03
1.693224e+04    2.302741e+00    2.246790e-03
1.732731e+04    2.302736e+00    2.209068e-03
1.773160e+04    2.302732e+00    2.172197e-03
1.814532e+04    2.302727e+00    2.136154e-03
1.856869e+04    2.302723e+00    2.100919e-03
1.900194e+04    2.302720e+00    2.066473e-03
1.944530e+04    2.302716e+00    2.033008e-03
1.989901e+04    2.302712e+00    2.000282e-03
2.036330e+04    2.302709e+00    1.968272e-03
2.083842e+04    2.302706e+00    1.936962e-03
2.132463e+04    2.302702e+00    1.906338e-03
2.182218e+04    2.302699e+00    1.876382e-03
2.233134e+04    2.302697e+00    1.847077e-03
2.285239e+04    2.302694e+00    1.818407e-03
2.338559e+04    2.302691e+00    1.790356e-03
2.393123e+04    2.302689e+00    1.762909e-03
2.448960e+04    2.302686e+00    1.736052e-03
2.506100e+04    2.302692e+00    1.709774e-03
2.564573e+04    2.302706e+00    1.684060e-03
2.624410e+04    2.302721e+00    1.658893e-03
2.685644e+04    2.302736e+00    1.634260e-03
2.748306e+04    2.302751e+00    1.610147e-03
2.812431e+04    2.302766e+00    1.586542e-03
2.878051e+04    2.302781e+00    1.563433e-03
2.945203e+04    2.302796e+00    1.540807e-03
3.013921e+04    2.302808e+00    1.519946e-03
3.084243e+04    2.302807e+00    1.504646e-03
3.156206e+04    2.302805e+00    1.489719e-03
3.229847e+04    2.302804e+00    1.475158e-03
3.305207e+04    2.302802e+00    1.460954e-03
3.382325e+04    2.302801e+00    1.447099e-03
3.461243e+04    2.302800e+00    1.433585e-03
3.542002e+04    2.302798e+00    1.420405e-03
3.624645e+04    2.302797e+00    1.407552e-03
3.709216e+04    2.302796e+00    1.395017e-03
3.795761e+04    2.302795e+00    1.382795e-03
3.884325e+04    2.302793e+00    1.370878e-03
3.974955e+04    2.302792e+00    1.359458e-03
4.067700e+04    2.302791e+00    1.348363e-03
4.162609e+04    2.302790e+00    1.337546e-03
4.259732e+04    2.302789e+00    1.327000e-03
4.359122e+04    2.302788e+00    1.316720e-03
4.460830e+04    2.302787e+00    1.306699e-03
4.564912e+04    2.302786e+00    1.296934e-03
4.671422e+04    2.302785e+00    1.287418e-03
4.780417e+04    2.302784e+00    1.278147e-03
4.891955e+04    2.302784e+00    1.269116e-03
5.006096e+04    2.302783e+00    1.260321e-03
5.122900e+04    2.302782e+00    1.251780e-03
5.242429e+04    2.302781e+00    1.243464e-03
5.364747e+04    2.302781e+00    1.235369e-03
5.489919e+04    2.302780e+00    1.227490e-03
5.618012e+04    2.302779e+00    1.219824e-03
5.749093e+04    2.302779e+00    1.212366e-03
5.883233e+04    2.302778e+00    1.205113e-03
6.020502e+04    2.302778e+00    1.198061e-03
6.160975e+04    2.302777e+00    1.191313e-03
6.304724e+04    2.302776e+00    1.184867e-03
6.451828e+04    2.302776e+00    1.178596e-03
6.602365e+04    2.302776e+00    1.172507e-03
6.756413e+04    2.302775e+00    1.166595e-03
6.914056e+04    2.302775e+00    1.160859e-03
7.075377e+04    2.302774e+00    1.155303e-03
7.240462e+04    2.302774e+00    1.149926e-03
7.409399e+04    2.302774e+00    1.144714e-03
7.582277e+04    2.302773e+00    1.139665e-03
7.759190e+04    2.302773e+00    1.134774e-03
7.940229e+04    2.302773e+00    1.130040e-03
8.125494e+04    2.302773e+00    1.125461e-03
8.315080e+04    2.302772e+00    1.121032e-03
8.509090e+04    2.302772e+00    1.116752e-03
8.707627e+04    2.302772e+00    1.112739e-03
8.910797e+04    2.302772e+00    1.108969e-03
9.118706e+04    2.302772e+00    1.105336e-03
9.331467e+04    2.302772e+00    1.101835e-03
9.549192e+04    2.302771e+00    1.098466e-03
9.771997e+04    2.302771e+00    1.095225e-03
1.000000e+05    2.302771e+00    1.092111e-03
