# optical data for graphite, perpendicular
# Draine & Lee, 1984, ApJ, 285, 89; Laor & Draine, 1993, ApJ, 402, 441; Weingartner & Draine, 2000, ApJ, 548, 296; Draine, 2003, ApJ, 598, 1017; Draine, 2003, ApJ, 598, 1026
# wavelength [micron]    n    k
5.166000e-02    5.4473e-01    4.1306e-01
5.390609e-02    5.3103e-01    4.8956e-01
5.635637e-02    5.2744e-01    5.7827e-01
5.904000e-02    5.4114e-01    6.7447e-01
6.199200e-02    5.6484e-01    7.7018e-01
6.525474e-02    5.8935e-01    8.7378e-01
6.888000e-02    6.4535e-01    1.0231e+00
7.293177e-02    7.4775e-01    1.1571e+00
7.749000e-02    8.7175e-01    1.3191e+00
8.265600e-02    1.1428e+00    1.4441e+00
8.856000e-02    1.4249e+00    1.4561e+00
9.116471e-02    1.5456e+00    1.4571e+00
9.322105e-02    1.6576e+00    1.4591e+00
9.537231e-02    1.7976e+00    1.4241e+00
9.762520e-02    1.9322e+00    1.3531e+00
9.999516e-02    2.0649e+00    1.2461e+00
1.024661e-01    2.1819e+00    1.1010e+00
1.050000e-01    2.2429e+00    8.7154e-01
1.078122e-01    2.1829e+00    6.6874e-01
1.109973e-01    2.0869e+00    5.3243e-01
1.148000e-01    1.9815e+00    4.3023e-01
1.180013e-01    1.9033e+00    3.7193e-01
1.215529e-01    1.8248e+00    3.1893e-01
1.249965e-01    1.7498e+00    2.8003e-01
1.278186e-01    1.6878e+00    2.5573e-01
1.305095e-01    1.6284e+00    2.3954e-01
1.333161e-01    1.5683e+00    2.3134e-01
1.362461e-01    1.5081e+00    2.2884e-01
1.389955e-01    1.4545e+00    2.3115e-01
1.408909e-01    1.4181e+00    2.3455e-01
1.425104e-01    1.3874e+00    2.3906e-01
1.441674e-01    1.3562e+00    2.4506e-01
1.458635e-01    1.3245e+00    2.5297e-01
1.490013e-01    1.2693e+00    2.7298e-01
1.549800e-01    1.1744e+00    3.1932e-01
1.600000e-01    1.0970e+00    3.6016e-01
1.653120e-01    1.0126e+00    4.1482e-01
1.700041e-01    9.3922e-01    4.7729e-01
1.800000e-01    8.0443e-01    6.4826e-01
1.899847e-01    7.1342e-01    8.6408e-01
2.000065e-01    6.8062e-01    1.0986e+00
2.100000e-01    6.8398e-01    1.3316e+00
2.137655e-01    6.9290e-01    1.4226e+00
2.175158e-01    7.0782e-01    1.5226e+00
2.190143e-01    7.1893e-01    1.5626e+00
2.214000e-01    7.3993e-01    1.6246e+00
2.254255e-01    7.8354e-01    1.7226e+00
2.299833e-01    8.3224e-01    1.8326e+00
2.339321e-01    8.8515e-01    1.9306e+00
2.384308e-01    9.6263e-01    2.0475e+00
2.400000e-01    9.9618e-01    2.0845e+00
2.500181e-01    1.2468e+00    2.2815e+00
2.583000e-01    1.4819e+00    2.3805e+00
2.739978e-01    1.9637e+00    2.4004e+00
2.850207e-01    2.2076e+00    2.2604e+00
2.917271e-01    2.3005e+00    2.1734e+00
3.099600e-01    2.4654e+00    1.9774e+00
3.262737e-01    2.5314e+00    1.8325e+00
3.440177e-01    2.5583e+00    1.7295e+00
3.649809e-01    2.5771e+00    1.6606e+00
3.814892e-01    2.5961e+00    1.6256e+00
3.999484e-01    2.6160e+00    1.5966e+00
4.339657e-01    2.6488e+00    1.5627e+00
4.399716e-01    2.6537e+00    1.5587e+00
4.860212e-01    2.6904e+00    1.5469e+00
5.500621e-01    2.7360e+00    1.5641e+00
6.563473e-01    2.8213e+00    1.6446e+00
7.000791e-01    2.8630e+00    1.6858e+00
7.998968e-01    2.9683e+00    1.7782e+00
8.997388e-01    3.0775e+00    1.8637e+00
9.998710e-01    3.1866e+00    1.9373e+00
1.127127e+00    3.3164e+00    2.0170e+00
1.249965e+00    3.4222e+00    2.0868e+00
1.305095e+00    3.4686e+00    2.1212e+00
1.377600e+00    3.5278e+00    2.1617e+00
1.458635e+00    3.5909e+00    2.2032e+00
1.549800e+00    3.6538e+00    2.2479e+00
1.650040e+00    3.7186e+00    2.3037e+00
1.771200e+00    3.7981e+00    2.3688e+00
1.907446e+00    3.8822e+00    2.4370e+00
2.066400e+00    3.9720e+00    2.5165e+00
2.121924e+00    4.0022e+00    2.5450e+00
2.199858e+00    4.0451e+00    2.5838e+00
2.254255e+00    4.0743e+00    2.6104e+00
2.423930e+00    4.1597e+00    2.6902e+00
2.479680e+00    4.1848e+00    2.7158e+00
2.755200e+00    4.3153e+00    2.8531e+00
3.099600e+00    4.4714e+00    3.0085e+00
3.262737e+00    4.5384e+00    3.0828e+00
3.401482e+00    4.5959e+00    3.1437e+00
3.646588e+00    4.6932e+00    3.2483e+00
3.874500e+00    4.7766e+00    3.3399e+00
4.132800e+00    4.8644e+00    3.4492e+00
4.428000e+00    4.9642e+00    3.5703e+00
4.768616e+00    5.0727e+00    3.7045e+00
4.999355e+00    5.1365e+00    3.7970e+00
5.166000e+00    5.1858e+00    3.8663e+00
5.510400e+00    5.2898e+00    4.0043e+00
5.635636e+00    5.3259e+00    4.0530e+00
5.904000e+00    5.4024e+00    4.1548e+00
6.199200e+00    5.4771e+00    4.2665e+00
6.358154e+00    5.5340e+00    4.3148e+00
6.525474e+00    5.5678e+00    4.3800e+00
6.701838e+00    5.6103e+00    4.4452e+00
6.911037e+00    5.6619e+00    4.5214e+00
7.084800e+00    5.7023e+00    4.5827e+00
7.293177e+00    5.7508e+00    4.6561e+00
7.514182e+00    5.7988e+00    4.7329e+00
7.749001e+00    5.8454e+00    4.8144e+00
7.998968e+00    5.8927e+00    4.9094e+00
8.265600e+00    5.9495e+00    5.0100e+00
8.377297e+00    5.9735e+00    5.0512e+00
8.492055e+00    5.9984e+00    5.0935e+00
8.610001e+00    6.0241e+00    5.1359e+00
8.731268e+00    6.0497e+00    5.1795e+00
8.856000e+00    6.0763e+00    5.2242e+00
8.984348e+00    6.1036e+00    5.2690e+00
9.116470e+00    6.1309e+00    5.3150e+00
9.252538e+00    6.1590e+00    5.3611e+00
9.392728e+00    6.1869e+00    5.4084e+00
9.537231e+00    6.2157e+00    5.4569e+00
9.663602e+00    6.2400e+00    5.4989e+00
9.686250e+00    6.2444e+00    5.5067e+00
9.840000e+00    6.2728e+00    5.5566e+00
9.998710e+00    6.3011e+00    5.6088e+00
1.016262e+01    6.3292e+00    5.6632e+00
1.033200e+01    6.3572e+00    5.7200e+00
1.050712e+01    6.3870e+00    5.7789e+00
1.068828e+01    6.4166e+00    5.8402e+00
1.087579e+01    6.4470e+00    5.9027e+00
1.107000e+01    6.4771e+00    5.9676e+00
1.127127e+01    6.5080e+00    6.0339e+00
1.148000e+01    6.5397e+00    6.1035e+00
1.169660e+01    6.5701e+00    6.1756e+00
1.192154e+01    6.6002e+00    6.2502e+00
1.215529e+01    6.6281e+00    6.3293e+00
1.227564e+01    6.6414e+00    6.3691e+00
1.239840e+01    6.6528e+00    6.4131e+00
1.265143e+01    6.6846e+00    6.5112e+00
1.291500e+01    6.7210e+00    6.6097e+00
1.318979e+01    6.7601e+00    6.7118e+00
1.347652e+01    6.8017e+00    6.8174e+00
1.377600e+01    6.8460e+00    6.9256e+00
1.408909e+01    6.8918e+00    7.0375e+00
1.441674e+01    6.9391e+00    7.1532e+00
1.476000e+01    6.9889e+00    7.2748e+00
1.499928e+01    7.0208e+00    7.3571e+00
1.512000e+01    7.0361e+00    7.3984e+00
1.549800e+01    7.0838e+00    7.5272e+00
1.589538e+01    7.1299e+00    7.6643e+00
1.631368e+01    7.1767e+00    7.8117e+00
1.675459e+01    7.2222e+00    7.9736e+00
1.722000e+01    7.2732e+00    8.1468e+00
1.771200e+01    7.3236e+00    8.3277e+00
1.823294e+01    7.3755e+00    8.5235e+00
1.878546e+01    7.4259e+00    8.7335e+00
1.937250e+01    7.4713e+00    8.9661e+00
2.000065e+01    7.5196e+00    9.2539e+00
2.032525e+01    7.5621e+00    9.4038e+00
2.066400e+01    7.6080e+00    9.5543e+00
2.101424e+01    7.6617e+00    9.7121e+00
2.137655e+01    7.7181e+00    9.8715e+00
2.175158e+01    7.7760e+00    1.0034e+01
2.214000e+01    7.8387e+00    1.0200e+01
2.254255e+01    7.9010e+00    1.0371e+01
2.296000e+01    7.9661e+00    1.0548e+01
2.339321e+01    8.0300e+00    1.0732e+01
2.384308e+01    8.0937e+00    1.0922e+01
2.431059e+01    8.1544e+00    1.1136e+01
2.499677e+01    8.2337e+00    1.1491e+01
2.755200e+01    8.8654e+00    1.2738e+01
2.999855e+01    9.5802e+00    1.3854e+01
3.350919e+01    1.0792e+01    1.5343e+01
3.757091e+01    1.2399e+01    1.6814e+01
4.132800e+01    1.4021e+01    1.7998e+01
4.508509e+01    1.5891e+01    1.9035e+01
4.999355e+01    1.8771e+01    1.9584e+01
5.166000e+01    1.9664e+01    1.9506e+01
5.390609e+01    2.0747e+01    1.9317e+01
5.635637e+01    2.1839e+01    1.9016e+01
5.904000e+01    2.2881e+01    1.8566e+01
6.199200e+01    2.3872e+01    1.8020e+01
6.358154e+01    2.4337e+01    1.7682e+01
6.525474e+01    2.4781e+01    1.7318e+01
6.701838e+01    2.5182e+01    1.6931e+01
6.888000e+01    2.5570e+01    1.6507e+01
7.000790e+01    2.5768e+01    1.6250e+01
7.084800e+01    2.5922e+01    1.6060e+01
7.293176e+01    2.6234e+01    1.5569e+01
7.514182e+01    2.6505e+01    1.5045e+01
7.749000e+01    2.6732e+01    1.4489e+01
7.998968e+01    2.6885e+01    1.3861e+01
8.265601e+01    2.6919e+01    1.3200e+01
8.550621e+01    2.6831e+01    1.2542e+01
8.856000e+01    2.6594e+01    1.1913e+01
9.184000e+01    2.6308e+01    1.1362e+01
9.537231e+01    2.5941e+01    1.0811e+01
9.998710e+01    2.5373e+01    1.0089e+01
1.033200e+02    2.4770e+01    9.5896e+00
1.127127e+02    2.2361e+01    8.7298e+00
1.180800e+02    2.0753e+01    8.8001e+00
1.239840e+02    1.8919e+01    9.2770e+00
1.350000e+02    1.5698e+01    1.1406e+01
1.499927e+02    1.2926e+01    1.6019e+01
1.749951e+02    1.2105e+01    2.3713e+01
2.000065e+02    1.3136e+01    3.0116e+01
2.500182e+02    1.6757e+01    4.0433e+01
2.999855e+02    2.1100e+01    4.8823e+01
4.999355e+02    3.9259e+01    7.2528e+01
7.000791e+02    5.5347e+01    8.8192e+01
9.998710e+02    7.5137e+01    1.0533e+02
1.200232e+03    8.6284e+01    1.1466e+02
1.499927e+03    1.0086e+02    1.2689e+02
2.000065e+03    1.2145e+02    1.4444e+02
1.239840e+04    3.3101e+02    3.4049e+02
