# optical data for graphite, parallel
# Draine & Lee, 1984, ApJ, 285, 89; Laor & Draine, 1993, ApJ, 402, 441; Weingartner & Draine, 2000, ApJ, 548, 296; Draine, 2003, ApJ, 598, 1017; Draine, 2003, ApJ, 598, 1026
# wavelength [micron]    n    k
5.166000e-02    7.5679e-01    4.6301e-01
5.390609e-02    7.7409e-01    5.0371e-01
5.635637e-02    8.1769e-01    5.3251e-01
5.904000e-02    8.2859e-01    5.1111e-01
6.199200e-02    7.6329e-01    5.1101e-01
6.525474e-02    6.7569e-01    6.1421e-01
6.888000e-02    6.7389e-01    8.0881e-01
7.293177e-02    8.4779e-01    9.9081e-01
7.749000e-02    9.9677e-01    9.6311e-01
8.265600e-02    9.8276e-01    9.5141e-01
8.856000e-02    9.3111e-01    1.1380e+00
9.116471e-02    9.7711e-01    1.2700e+00
9.322105e-02    1.0234e+00    1.3540e+00
9.537231e-02    1.0747e+00    1.4750e+00
9.762520e-02    1.2239e+00    1.6070e+00
9.999516e-02    1.3957e+00    1.6400e+00
1.024661e-01    1.4967e+00    1.7020e+00
1.050000e-01    1.6709e+00    1.8590e+00
1.078122e-01    2.0790e+00    1.9790e+00
1.109973e-01    2.7880e+00    1.6290e+00
1.148000e-01    2.7030e+00    1.0260e+00
1.180013e-01    2.6300e+00    7.7940e-01
1.215529e-01    2.5290e+00    5.7200e-01
1.249965e-01    2.4120e+00    4.3990e-01
1.278186e-01    2.3260e+00    3.7210e-01
1.305095e-01    2.2540e+00    3.3050e-01
1.333161e-01    2.1940e+00    2.9760e-01
1.362461e-01    2.1400e+00    2.7220e-01
1.389955e-01    2.0990e+00    2.5150e-01
1.408909e-01    2.0710e+00    2.3710e-01
1.425104e-01    2.0480e+00    2.2620e-01
1.441674e-01    2.0240e+00    2.1630e-01
1.458635e-01    2.0000e+00    2.0750e-01
1.490013e-01    1.9569e+00    1.9570e-01
1.549800e-01    1.8785e+00    1.8900e-01
1.600000e-01    1.8266e+00    2.0361e-01
1.653120e-01    1.7904e+00    2.2341e-01
1.700041e-01    1.7704e+00    2.3521e-01
1.800000e-01    1.7375e+00    2.4371e-01
1.899847e-01    1.6849e+00    2.4361e-01
2.000065e-01    1.6209e+00    2.7331e-01
2.100000e-01    1.5687e+00    3.2892e-01
2.137655e-01    1.5571e+00    3.5612e-01
2.175158e-01    1.5517e+00    3.7962e-01
2.190143e-01    1.5483e+00    3.8782e-01
2.214000e-01    1.5421e+00    4.0173e-01
2.254255e-01    1.5300e+00    4.2813e-01
2.299833e-01    1.5219e+00    4.6853e-01
2.339321e-01    1.5218e+00    5.0434e-01
2.384308e-01    1.5292e+00    5.4374e-01
2.400000e-01    1.5329e+00    5.5684e-01
2.500181e-01    1.5653e+00    6.3595e-01
2.583000e-01    1.6047e+00    6.9175e-01
2.739978e-01    1.7176e+00    7.9096e-01
2.850207e-01    1.8137e+00    8.1496e-01
2.917271e-01    1.8678e+00    8.1806e-01
3.099600e-01    1.9997e+00    7.9766e-01
3.262737e-01    2.0859e+00    7.4845e-01
3.440177e-01    2.1478e+00    6.9075e-01
3.649809e-01    2.1848e+00    6.4676e-01
3.814892e-01    2.2248e+00    6.2166e-01
3.999484e-01    2.2708e+00    5.8926e-01
4.339657e-01    2.3467e+00    4.9576e-01
4.399716e-01    2.3537e+00    4.7796e-01
4.860212e-01    2.3727e+00    3.5555e-01
5.500621e-01    2.3486e+00    2.5405e-01
6.563473e-01    2.3084e+00    1.6355e-01
7.000791e-01    2.2943e+00    1.4085e-01
7.998968e-01    2.2691e+00    1.0616e-01
8.997388e-01    2.2498e+00    8.3934e-02
9.998710e-01    2.2355e+00    6.9422e-02
1.127127e+00    2.2221e+00    5.6687e-02
1.249965e+00    2.2127e+00    4.8474e-02
1.305095e+00    2.2094e+00    4.5572e-02
1.377600e+00    2.2052e+00    4.2315e-02
1.458635e+00    2.2008e+00    3.9341e-02
1.549800e+00    2.1974e+00    3.6581e-02
1.650040e+00    2.1939e+00    3.4105e-02
1.771200e+00    2.1903e+00    3.1709e-02
1.907446e+00    2.1865e+00    2.9592e-02
2.066400e+00    2.1825e+00    2.7701e-02
2.121924e+00    2.1822e+00    2.7144e-02
2.199858e+00    2.1807e+00    2.6457e-02
2.254255e+00    2.1793e+00    2.6002e-02
2.423930e+00    2.1771e+00    2.4878e-02
2.479680e+00    2.1757e+00    2.4539e-02
2.755200e+00    2.1725e+00    2.3351e-02
3.099600e+00    2.1674e+00    2.2419e-02
3.262737e+00    2.1658e+00    2.2137e-02
3.401482e+00    2.1644e+00    2.1945e-02
3.646588e+00    2.1618e+00    2.1727e-02
3.874500e+00    2.1592e+00    2.1623e-02
4.132800e+00    2.1560e+00    2.1589e-02
4.428000e+00    2.1522e+00    2.1626e-02
4.768616e+00    2.1484e+00    2.1776e-02
4.999355e+00    2.1450e+00    2.1927e-02
5.166000e+00    2.1424e+00    2.2011e-02
5.510400e+00    2.1379e+00    2.2250e-02
5.635636e+00    2.1357e+00    2.2356e-02
5.904000e+00    2.1310e+00    2.2648e-02
6.199200e+00    2.1266e+00    2.3038e-02
6.358154e+00    2.1236e+00    2.3246e-02
6.525474e+00    2.1203e+00    2.3472e-02
6.701838e+00    2.1168e+00    2.3765e-02
6.911037e+00    2.1135e+00    2.4152e-02
7.084800e+00    2.1098e+00    2.4522e-02
7.293177e+00    2.1052e+00    2.5026e-02
7.514182e+00    2.1003e+00    2.5627e-02
7.749001e+00    2.0948e+00    2.6343e-02
7.998968e+00    2.0888e+00    2.7259e-02
8.265600e+00    2.0822e+00    2.8394e-02
8.377297e+00    2.0794e+00    2.8904e-02
8.492055e+00    2.0754e+00    2.9462e-02
8.610001e+00    2.0734e+00    3.0041e-02
8.731268e+00    2.0702e+00    3.0673e-02
8.856000e+00    2.0668e+00    3.1352e-02
8.984348e+00    2.0633e+00    3.2082e-02
9.116470e+00    2.0597e+00    3.2867e-02
9.252538e+00    2.0559e+00    3.3710e-02
9.392728e+00    2.0508e+00    3.4629e-02
9.537231e+00    2.0467e+00    3.5605e-02
9.663602e+00    2.0430e+00    3.6499e-02
9.686250e+00    2.0423e+00    3.6655e-02
9.840000e+00    2.0377e+00    3.7796e-02
9.998710e+00    2.0329e+00    3.9013e-02
1.016262e+01    2.0268e+00    4.0348e-02
1.033200e+01    2.0215e+00    4.1774e-02
1.050712e+01    2.0149e+00    4.3334e-02
1.068828e+01    2.0079e+00    4.5025e-02
1.087579e+01    1.9996e+00    4.6897e-02
1.107000e+01    1.9898e+00    4.9001e-02
1.127127e+01    1.9719e+00    5.1747e-02
1.148000e+01    1.8532e+00    7.5322e-02
1.169660e+01    2.0143e+00    5.5582e-02
1.192154e+01    1.9875e+00    5.7852e-02
1.215529e+01    1.9734e+00    6.0789e-02
1.227564e+01    1.9667e+00    6.2384e-02
1.239840e+01    1.9610e+00    6.4029e-02
1.265143e+01    1.9503e+00    6.7531e-02
1.291500e+01    1.9389e+00    7.1374e-02
1.318979e+01    1.9280e+00    7.5556e-02
1.347652e+01    1.9152e+00    8.0200e-02
1.377600e+01    1.9028e+00    8.5272e-02
1.408909e+01    1.8884e+00    9.0925e-02
1.441674e+01    1.8742e+00    9.7130e-02
1.476000e+01    1.8589e+00    1.0402e-01
1.499928e+01    1.8481e+00    1.0906e-01
1.512000e+01    1.8426e+00    1.1168e-01
1.549800e+01    1.8250e+00    1.2024e-01
1.589538e+01    1.8061e+00    1.2983e-01
1.631368e+01    1.7857e+00    1.4061e-01
1.675459e+01    1.7637e+00    1.5277e-01
1.722000e+01    1.7398e+00    1.6654e-01
1.771200e+01    1.7140e+00    1.8223e-01
1.823294e+01    1.6848e+00    2.0031e-01
1.878546e+01    1.6544e+00    2.2095e-01
1.937250e+01    1.6214e+00    2.4480e-01
2.000065e+01    1.5854e+00    2.7270e-01
2.032525e+01    1.5666e+00    2.8813e-01
2.066400e+01    1.5468e+00    3.0501e-01
2.101424e+01    1.5263e+00    3.2333e-01
2.137655e+01    1.5050e+00    3.4323e-01
2.175158e+01    1.4829e+00    3.6489e-01
2.214000e+01    1.4601e+00    3.8849e-01
2.254255e+01    1.4366e+00    4.1423e-01
2.296000e+01    1.4126e+00    4.4234e-01
2.339321e+01    1.3880e+00    4.7305e-01
2.384308e+01    1.3630e+00    5.0660e-01
2.431059e+01    1.3380e+00    5.4324e-01
2.499677e+01    1.3031e+00    6.0015e-01
2.755200e+01    1.2017e+00    8.3846e-01
2.999855e+01    1.1549e+00    1.0843e+00
3.350919e+01    1.1589e+00    1.4243e+00
3.757091e+01    1.2247e+00    1.7762e+00
4.132800e+01    1.3156e+00    2.0640e+00
4.508509e+01    1.4217e+00    2.3223e+00
4.999355e+01    1.5724e+00    2.6238e+00
5.166000e+01    1.6254e+00    2.7184e+00
5.390609e+01    1.6976e+00    2.8404e+00
5.635637e+01    1.7771e+00    2.9671e+00
5.904000e+01    1.8645e+00    3.0987e+00
6.199200e+01    1.9606e+00    3.2359e+00
6.358154e+01    2.0122e+00    3.3067e+00
6.525474e+01    2.0664e+00    3.3791e+00
6.701838e+01    2.1232e+00    3.4531e+00
6.888000e+01    2.1829e+00    3.5290e+00
7.000790e+01    2.2189e+00    3.5738e+00
7.084800e+01    2.2456e+00    3.6067e+00
7.293176e+01    2.3115e+00    3.6864e+00
7.514182e+01    2.3807e+00    3.7683e+00
7.749000e+01    2.4535e+00    3.8524e+00
7.998968e+01    2.5301e+00    3.9389e+00
8.265601e+01    2.6108e+00    4.0280e+00
8.550621e+01    2.6959e+00    4.1200e+00
8.856000e+01    2.7856e+00    4.2149e+00
9.184000e+01    2.8804e+00    4.3132e+00
9.537231e+01    2.9805e+00    4.4151e+00
9.998710e+01    3.1085e+00    4.5425e+00
1.033200e+02    3.1990e+00    4.6310e+00
1.127127e+02    3.4452e+00    4.8664e+00
1.180800e+02    3.5805e+00    4.9928e+00
1.239840e+02    3.7251e+00    5.1260e+00
1.350000e+02    3.9836e+00    5.3605e+00
1.499927e+02    4.3147e+00    5.6556e+00
1.749951e+02    4.8218e+00    6.1012e+00
2.000065e+02    5.2837e+00    6.5044e+00
2.500182e+02    6.1059e+00    7.2239e+00
2.999855e+02    6.8293e+00    7.8634e+00
4.999355e+02    9.1636e+00    9.9800e+00
7.000791e+02    1.1009e+01    1.1703e+01
9.998710e+02    1.3299e+01    1.3881e+01
1.200232e+03    1.4630e+01    1.5162e+01
1.499927e+03    1.6420e+01    1.6895e+01
2.000065e+03    1.9034e+01    1.9446e+01
1.239840e+04    4.7836e+01    4.8002e+01
