# optical data for astronomical silicate (nlam = 215)
# (Draine & Lee, 1984, ApJ, 285, 89; Laor & Draine, 1993, ApJ, 402, 441; Weingartner & Draine, 2000, ApJ, 548, 296; Draine, 2003, ApJ, 598, 1017; Draine, 2003, ApJ, 598, 1026)
# wavelength [micron]    n    k
5.166000e-02    8.5730e-01    3.9070e-01
5.390609e-02    8.5190e-01    4.1670e-01
5.635637e-02    8.3790e-01    4.5350e-01
5.904000e-02    8.2530e-01    5.1500e-01
6.199200e-02    8.3540e-01    5.9850e-01
6.525474e-02    8.7370e-01    6.8680e-01
6.888000e-02    9.3889e-01    7.7220e-01
7.293177e-02    1.0325e+00    8.4750e-01
7.749000e-02    1.1560e+00    9.0180e-01
8.265600e-02    1.3088e+00    8.9050e-01
8.856000e-02    1.3296e+00    8.6940e-01
9.116471e-02    1.3739e+00    9.1750e-01
9.322105e-02    1.4293e+00    9.3260e-01
9.537231e-02    1.4828e+00    9.3610e-01
9.762520e-02    1.5361e+00    9.3320e-01
9.999516e-02    1.5907e+00    9.2630e-01
1.024661e-01    1.6515e+00    9.1220e-01
1.050000e-01    1.7114e+00    8.7350e-01
1.078122e-01    1.7476e+00    8.3260e-01
1.109973e-01    1.7814e+00    7.9460e-01
1.148000e-01    1.8155e+00    7.5520e-01
1.180013e-01    1.8413e+00    7.2560e-01
1.215529e-01    1.8675e+00    6.9560e-01
1.249965e-01    1.8921e+00    6.6880e-01
1.278186e-01    1.9115e+00    6.4820e-01
1.305095e-01    1.9307e+00    6.2930e-01
1.333161e-01    1.9510e+00    6.1050e-01
1.362461e-01    1.9739e+00    5.9120e-01
1.389955e-01    1.9979e+00    5.7340e-01
1.408909e-01    2.0170e+00    5.6090e-01
1.425104e-01    2.0370e+00    5.4830e-01
1.441674e-01    2.0600e+00    5.2970e-01
1.458635e-01    2.0820e+00    5.0440e-01
1.490013e-01    2.1090e+00    4.4890e-01
1.549800e-01    2.1200e+00    3.3680e-01
1.600000e-01    2.1010e+00    2.6010e-01
1.653120e-01    2.0690e+00    1.9760e-01
1.700041e-01    2.0390e+00    1.5710e-01
1.800000e-01    1.9775e+00    9.9620e-02
1.899847e-01    1.9261e+00    6.6770e-02
2.000065e-01    1.8846e+00    4.6220e-02
2.100000e-01    1.8495e+00    3.4630e-02
2.137655e-01    1.8383e+00    3.1930e-02
2.175158e-01    1.8276e+00    2.9930e-02
2.190143e-01    1.8238e+00    2.9310e-02
2.214000e-01    1.8177e+00    2.8500e-02
2.254255e-01    1.8080e+00    2.7650e-02
2.299833e-01    1.7986e+00    2.7320e-02
2.339321e-01    1.7914e+00    2.7240e-02
2.384308e-01    1.7838e+00    2.7360e-02
2.400000e-01    1.7816e+00    2.7440e-02
2.500181e-01    1.7686e+00    2.8270e-02
2.583000e-01    1.7598e+00    2.8440e-02
2.739978e-01    1.7466e+00    2.8690e-02
2.850207e-01    1.7392e+00    2.8810e-02
2.917271e-01    1.7351e+00    2.8880e-02
3.099600e-01    1.7261e+00    2.9060e-02
3.262737e-01    1.7200e+00    2.9160e-02
3.440177e-01    1.7144e+00    2.9280e-02
3.649809e-01    1.7091e+00    2.9380e-02
3.814892e-01    1.7058e+00    2.9460e-02
3.999484e-01    1.7028e+00    2.9540e-02
4.339657e-01    1.6983e+00    2.9620e-02
4.399716e-01    1.6977e+00    2.9640e-02
4.860212e-01    1.6940e+00    2.9730e-02
5.500621e-01    1.6904e+00    2.9860e-02
6.563473e-01    1.6878e+00    3.0060e-02
7.000791e-01    1.6873e+00    3.0160e-02
7.998968e-01    1.6863e+00    3.0400e-02
8.997388e-01    1.6862e+00    3.0600e-02
9.998710e-01    1.6863e+00    3.0770e-02
1.127127e+00    1.6863e+00    3.1010e-02
1.249965e+00    1.6859e+00    3.1230e-02
1.305095e+00    1.6859e+00    3.1400e-02
1.377600e+00    1.6860e+00    3.1640e-02
1.458635e+00    1.6856e+00    3.1890e-02
1.549800e+00    1.6856e+00    3.2180e-02
1.650040e+00    1.6851e+00    3.2460e-02
1.771200e+00    1.6845e+00    3.2820e-02
1.907446e+00    1.6835e+00    3.3330e-02
2.066400e+00    1.6825e+00    3.3950e-02
2.121924e+00    1.6820e+00    3.4160e-02
2.199858e+00    1.6811e+00    3.4480e-02
2.254255e+00    1.6807e+00    3.4700e-02
2.423930e+00    1.6789e+00    3.5380e-02
2.479680e+00    1.6780e+00    3.5600e-02
2.755200e+00    1.6744e+00    3.6770e-02
3.099600e+00    1.6684e+00    3.8270e-02
3.262737e+00    1.6653e+00    3.9150e-02
3.401482e+00    1.6624e+00    3.9770e-02
3.646588e+00    1.6567e+00    4.0670e-02
3.874500e+00    1.6507e+00    4.1440e-02
4.132800e+00    1.6429e+00    4.2280e-02
4.428000e+00    1.6327e+00    4.2960e-02
4.768616e+00    1.6187e+00    4.3920e-02
4.999355e+00    1.6075e+00    4.4770e-02
5.166000e+00    1.5988e+00    4.5500e-02
5.510400e+00    1.5785e+00    4.7510e-02
5.635636e+00    1.5703e+00    4.8400e-02
5.904000e+00    1.5510e+00    5.0610e-02
6.199200e+00    1.5276e+00    5.3300e-02
6.358154e+00    1.5133e+00    5.4470e-02
6.525474e+00    1.4968e+00    5.5400e-02
6.701838e+00    1.4770e+00    5.6110e-02
6.911037e+00    1.4492e+00    5.6660e-02
7.084800e+00    1.4207e+00    5.7550e-02
7.293177e+00    1.3787e+00    6.1230e-02
7.514182e+00    1.3207e+00    7.3640e-02
7.749001e+00    1.2494e+00    1.0820e-01
7.998968e+00    1.1729e+00    1.7600e-01
8.265600e+00    1.1217e+00    2.8470e-01
8.377297e+00    1.1145e+00    3.2890e-01
8.492055e+00    1.1091e+00    3.6870e-01
8.610001e+00    1.0999e+00    4.0770e-01
8.731268e+00    1.0870e+00    4.5270e-01
8.856000e+00    1.0755e+00    5.0830e-01
8.984348e+00    1.0719e+00    5.7460e-01
9.116470e+00    1.0821e+00    6.4820e-01
9.252538e+00    1.1096e+00    7.2250e-01
9.392728e+00    1.1531e+00    7.9010e-01
9.537231e+00    1.2082e+00    8.4530e-01
9.663602e+00    1.2586e+00    8.8020e-01
9.686250e+00    1.2673e+00    8.8520e-01
9.840000e+00    1.3222e+00    9.1360e-01
9.998710e+00    1.3701e+00    9.3910e-01
1.016262e+01    1.4167e+00    9.6920e-01
1.033200e+01    1.4741e+00    1.0050e+00
1.050712e+01    1.5499e+00    1.0300e+00
1.068828e+01    1.6289e+00    1.0300e+00
1.087579e+01    1.6935e+00    1.0160e+00
1.107000e+01    1.7513e+00    1.0040e+00
1.127127e+01    1.8098e+00    9.8460e-01
1.148000e+01    1.8602e+00    9.5880e-01
1.169660e+01    1.9085e+00    9.3530e-01
1.192154e+01    1.9622e+00    9.0160e-01
1.215529e+01    2.0050e+00    8.5270e-01
1.227564e+01    2.0200e+00    8.2790e-01
1.239840e+01    2.0340e+00    8.0390e-01
1.265143e+01    2.0600e+00    7.5040e-01
1.291500e+01    2.0720e+00    6.8760e-01
1.318979e+01    2.0670e+00    6.2830e-01
1.347652e+01    2.0520e+00    5.6910e-01
1.377600e+01    2.0140e+00    5.1180e-01
1.408909e+01    1.9547e+00    4.7450e-01
1.441674e+01    1.8892e+00    4.6510e-01
1.476000e+01    1.8311e+00    4.7900e-01
1.499928e+01    1.7994e+00    4.9490e-01
1.512000e+01    1.7849e+00    5.0370e-01
1.549800e+01    1.7436e+00    5.3690e-01
1.589538e+01    1.7109e+00    5.7960e-01
1.631368e+01    1.6838e+00    6.2990e-01
1.675459e+01    1.6690e+00    6.9030e-01
1.722000e+01    1.6636e+00    7.5380e-01
1.771200e+01    1.6735e+00    8.2590e-01
1.823294e+01    1.6975e+00    8.9520e-01
1.878546e+01    1.7414e+00    9.6640e-01
1.937250e+01    1.7990e+00    1.0220e+00
2.000065e+01    1.8735e+00    1.0650e+00
2.032525e+01    1.9076e+00    1.0720e+00
2.066400e+01    1.9362e+00    1.0820e+00
2.101424e+01    1.9666e+00    1.0920e+00
2.137655e+01    1.9971e+00    1.0990e+00
2.175158e+01    2.0240e+00    1.1060e+00
2.214000e+01    2.0540e+00    1.1160e+00
2.254255e+01    2.0880e+00    1.1200e+00
2.296000e+01    2.1150e+00    1.1190e+00
2.339321e+01    2.1410e+00    1.1240e+00
2.384308e+01    2.1710e+00    1.1280e+00
2.431059e+01    2.1970e+00    1.1290e+00
2.499677e+01    2.2390e+00    1.1360e+00
2.755200e+01    2.3710e+00    1.1260e+00
2.999855e+01    2.4820e+00    1.1160e+00
3.350919e+01    2.6110e+00    1.0850e+00
3.757091e+01    2.7210e+00    1.0500e+00
4.132800e+01    2.8230e+00    1.0190e+00
4.508509e+01    2.9090e+00    9.7880e-01
4.999355e+01    3.0020e+00    9.2300e-01
5.166000e+01    3.0290e+00    9.0390e-01
5.390609e+01    3.0620e+00    8.7810e-01
5.635637e+01    3.0950e+00    8.5020e-01
5.904000e+01    3.1270e+00    8.2040e-01
6.199200e+01    3.1570e+00    7.8850e-01
6.358154e+01    3.1720e+00    7.7190e-01
6.525474e+01    3.1860e+00    7.5490e-01
6.701838e+01    3.2000e+00    7.3750e-01
6.888000e+01    3.2140e+00    7.1970e-01
7.000790e+01    3.2210e+00    7.0920e-01
7.084800e+01    3.2270e+00    7.0150e-01
7.293176e+01    3.2390e+00    6.8300e-01
7.514182e+01    3.2510e+00    6.6420e-01
7.749000e+01    3.2630e+00    6.4510e-01
7.998968e+01    3.2740e+00    6.2580e-01
8.265601e+01    3.2850e+00    6.0630e-01
8.550621e+01    3.2950e+00    5.8650e-01
8.856000e+01    3.3050e+00    5.6660e-01
9.184000e+01    3.3140e+00    5.4660e-01
9.537231e+01    3.3230e+00    5.2640e-01
9.998710e+01    3.3330e+00    5.0210e-01
1.033200e+02    3.3390e+00    4.8580e-01
1.127127e+02    3.3530e+00    4.4500e-01
1.180800e+02    3.3600e+00    4.2450e-01
1.239840e+02    3.3660e+00    4.0400e-01
1.350000e+02    3.3760e+00    3.7060e-01
1.499927e+02    3.3850e+00    3.3300e-01
1.749951e+02    3.3950e+00    2.8480e-01
2.000065e+02    3.4020e+00    2.4870e-01
2.500182e+02    3.4140e+00    1.9780e-01
2.999855e+02    3.4160e+00    1.5510e-01
4.999355e+02    3.4050e+00    8.9220e-02
7.000791e+02    3.4030e+00    6.9180e-02
9.998710e+02    3.4060e+00    5.5730e-02
1.200232e+03    3.4080e+00    4.9900e-02
1.499927e+03    3.4120e+00    4.3610e-02
2.000065e+03    3.4160e+00    3.6650e-02
1.239840e+04    3.4330e+00    1.1200e-02
