# Water ice
#
4.430000000e-02 8.228000000e-01 1.640000000e-01
4.510000000e-02 8.250000000e-01 1.730000000e-01
4.590000000e-02 8.255000000e-01 1.830000000e-01
4.680000000e-02 8.258000000e-01 1.950000000e-01
4.770000000e-02 8.263000000e-01 2.080000000e-01
4.860000000e-02 8.281000000e-01 2.230000000e-01
4.960000000e-02 8.347000000e-01 2.400000000e-01
5.060000000e-02 8.428000000e-01 2.500000000e-01
5.170000000e-02 8.483000000e-01 2.590000000e-01
5.280000000e-02 8.505000000e-01 2.680000000e-01
5.390000000e-02 8.497000000e-01 2.790000000e-01
5.510000000e-02 8.489000000e-01 2.970000000e-01
5.640000000e-02 8.519000000e-01 3.190000000e-01
5.770000000e-02 8.566000000e-01 3.400000000e-01
5.900000000e-02 8.647000000e-01 3.660000000e-01
6.050000000e-02 8.797000000e-01 3.920000000e-01
6.200000000e-02 8.970000000e-01 4.160000000e-01
6.360000000e-02 9.173000000e-01 4.400000000e-01
6.530000000e-02 9.400000000e-01 4.640000000e-01
6.700000000e-02 9.679000000e-01 4.920000000e-01
6.890000000e-02 1.009300000e+00 5.170000000e-01
7.080000000e-02 1.053600000e+00 5.280000000e-01
7.290000000e-02 1.098600000e+00 5.330000000e-01
7.380000000e-02 1.118300000e+00 5.340000000e-01
7.510000000e-02 1.144900000e+00 5.310000000e-01
7.750000000e-02 1.188500000e+00 5.240000000e-01
8.000000000e-02 1.227300000e+00 5.100000000e-01
8.270000000e-02 1.262900000e+00 5.000000000e-01
8.550000000e-02 1.311700000e+00 4.990000000e-01
8.860000000e-02 1.380700000e+00 4.680000000e-01
9.180000000e-02 1.409100000e+00 3.800000000e-01
9.300000000e-02 1.402800000e+00 3.600000000e-01
9.540000000e-02 1.394800000e+00 3.390000000e-01
9.920000000e-02 1.396400000e+00 3.180000000e-01
1.033000000e-01 1.404700000e+00 2.910000000e-01
1.078000000e-01 1.398100000e+00 2.510000000e-01
1.100000000e-01 1.388600000e+00 2.440000000e-01
1.127000000e-01 1.380600000e+00 2.390000000e-01
1.140000000e-01 1.377200000e+00 2.390000000e-01
1.181000000e-01 1.378300000e+00 2.440000000e-01
1.210000000e-01 1.392900000e+00 2.470000000e-01
1.240000000e-01 1.406100000e+00 2.240000000e-01
1.272000000e-01 1.399900000e+00 1.950000000e-01
1.295000000e-01 1.377700000e+00 1.740000000e-01
1.305000000e-01 1.360700000e+00 1.720000000e-01
1.319000000e-01 1.338900000e+00 1.800000000e-01
1.333000000e-01 1.321000000e+00 1.940000000e-01
1.348000000e-01 1.303000000e+00 2.130000000e-01
1.362000000e-01 1.287100000e+00 2.430000000e-01
1.370000000e-01 1.284900000e+00 2.710000000e-01
1.378000000e-01 1.285100000e+00 2.890000000e-01
1.387000000e-01 1.297000000e+00 3.340000000e-01
1.393000000e-01 1.315100000e+00 3.440000000e-01
1.409000000e-01 1.357500000e+00 3.820000000e-01
1.425000000e-01 1.413000000e+00 4.010000000e-01
1.435000000e-01 1.452500000e+00 4.065000000e-01
1.442000000e-01 1.484500000e+00 4.050000000e-01
1.450000000e-01 1.515700000e+00 3.890000000e-01
1.459000000e-01 1.548400000e+00 3.770000000e-01
1.468000000e-01 1.572900000e+00 3.450000000e-01
1.476000000e-01 1.591500000e+00 3.320000000e-01
1.480000000e-01 1.602100000e+00 3.150000000e-01
1.485000000e-01 1.607700000e+00 2.980000000e-01
1.494000000e-01 1.615600000e+00 2.740000000e-01
1.512000000e-01 1.622000000e+00 2.280000000e-01
1.531000000e-01 1.631100000e+00 1.980000000e-01
1.540000000e-01 1.634500000e+00 1.720000000e-01
1.550000000e-01 1.636300000e+00 1.560000000e-01
1.569000000e-01 1.635300000e+00 1.100000000e-01
1.580000000e-01 1.630900000e+00 8.300000000e-02
1.589000000e-01 1.621400000e+00 5.800000000e-02
1.610000000e-01 1.581800000e+00 2.200000000e-02
1.630000000e-01 1.548200000e+00 8.473000000e-03
1.650000000e-01 1.522500000e+00 3.263000000e-03
1.670000000e-01 1.502700000e+00 1.256000000e-03
1.690000000e-01 1.487000000e+00 4.837000000e-04
1.710000000e-01 1.474300000e+00 1.862000000e-04
1.730000000e-01 1.463500000e+00 7.165000000e-05
1.750000000e-01 1.454300000e+00 2.757000000e-05
1.770000000e-01 1.446200000e+00 1.061000000e-05
1.790000000e-01 1.439000000e+00 4.081000000e-06
1.810000000e-01 1.432600000e+00 1.570000000e-06
1.830000000e-01 1.426800000e+00 5.403000000e-07
1.850000000e-01 1.421500000e+00 1.829000000e-07
1.870000000e-01 1.416700000e+00 6.218000000e-08
1.890000000e-01 1.412200000e+00 2.113000000e-08
1.910000000e-01 1.408100000e+00 7.181000000e-09
1.930000000e-01 1.404300000e+00 2.440000000e-09
1.950000000e-01 1.400700000e+00 8.289000000e-10
1.970000000e-01 1.397400000e+00 2.816000000e-10
1.990000000e-01 1.394300000e+00 9.565000000e-11
2.010000000e-01 1.391400000e+00 3.249000000e-11
2.019000000e-01 1.390100000e+00 2.000000000e-11
2.100000000e-01 1.380100000e+00 2.000000000e-11
2.500000000e-01 1.350900000e+00 2.000000000e-11
3.000000000e-01 1.333900000e+00 2.000000000e-11
3.500000000e-01 1.324900000e+00 2.000000000e-11
3.900000000e-01 1.320300000e+00 2.000000000e-11
4.000000000e-01 1.319400000e+00 2.365000000e-11
4.100000000e-01 1.318500000e+00 2.669000000e-11
4.200000000e-01 1.317700000e+00 3.135000000e-11
4.300000000e-01 1.317000000e+00 4.140000000e-11
4.400000000e-01 1.316300000e+00 6.268000000e-11
4.500000000e-01 1.315700000e+00 9.239000000e-11
4.600000000e-01 1.315100000e+00 1.325000000e-10
4.700000000e-01 1.314500000e+00 1.956000000e-10
4.800000000e-01 1.314000000e+00 2.861000000e-10
4.900000000e-01 1.313500000e+00 4.172000000e-10
5.000000000e-01 1.313000000e+00 5.889000000e-10
5.100000000e-01 1.312600000e+00 8.036000000e-10
5.200000000e-01 1.312100000e+00 1.076000000e-09
5.300000000e-01 1.311700000e+00 1.409000000e-09
5.400000000e-01 1.311400000e+00 1.813000000e-09
5.500000000e-01 1.311000000e+00 2.289000000e-09
5.600000000e-01 1.310600000e+00 2.839000000e-09
5.700000000e-01 1.310300000e+00 3.461000000e-09
5.800000000e-01 1.310000000e+00 4.159000000e-09
5.900000000e-01 1.309700000e+00 4.930000000e-09
6.000000000e-01 1.309400000e+00 5.730000000e-09
6.100000000e-01 1.309100000e+00 6.890000000e-09
6.200000000e-01 1.308800000e+00 8.580000000e-09
6.300000000e-01 1.308500000e+00 1.040000000e-08
6.400000000e-01 1.308300000e+00 1.220000000e-08
6.500000000e-01 1.308000000e+00 1.430000000e-08
6.600000000e-01 1.307800000e+00 1.660000000e-08
6.700000000e-01 1.307600000e+00 1.890000000e-08
6.800000000e-01 1.307300000e+00 2.090000000e-08
6.900000000e-01 1.307100000e+00 2.400000000e-08
7.000000000e-01 1.306900000e+00 2.900000000e-08
7.100000000e-01 1.306700000e+00 3.440000000e-08
7.200000000e-01 1.306500000e+00 4.030000000e-08
7.300000000e-01 1.306200000e+00 4.300000000e-08
7.400000000e-01 1.306000000e+00 4.920000000e-08
7.500000000e-01 1.305900000e+00 5.870000000e-08
7.600000000e-01 1.305700000e+00 7.080000000e-08
7.700000000e-01 1.305500000e+00 8.580000000e-08
7.800000000e-01 1.305300000e+00 1.020000000e-07
7.900000000e-01 1.305100000e+00 1.180000000e-07
8.000000000e-01 1.304900000e+00 1.340000000e-07
8.100000000e-01 1.304700000e+00 1.400000000e-07
8.200000000e-01 1.304600000e+00 1.430000000e-07
8.300000000e-01 1.304400000e+00 1.450000000e-07
8.400000000e-01 1.304200000e+00 1.510000000e-07
8.500000000e-01 1.304000000e+00 1.830000000e-07
8.600000000e-01 1.303900000e+00 2.150000000e-07
8.700000000e-01 1.303700000e+00 2.650000000e-07
8.800000000e-01 1.303500000e+00 3.350000000e-07
8.900000000e-01 1.303300000e+00 3.920000000e-07
9.000000000e-01 1.303200000e+00 4.200000000e-07
9.100000000e-01 1.303000000e+00 4.440000000e-07
9.200000000e-01 1.302800000e+00 4.740000000e-07
9.300000000e-01 1.302700000e+00 5.110000000e-07
9.400000000e-01 1.302500000e+00 5.530000000e-07
9.500000000e-01 1.302300000e+00 6.020000000e-07
9.600000000e-01 1.302200000e+00 7.550000000e-07
9.700000000e-01 1.302000000e+00 9.260000000e-07
9.800000000e-01 1.301900000e+00 1.120000000e-06
9.900000000e-01 1.301700000e+00 1.330000000e-06
1.000000000e+00 1.301500000e+00 1.620000000e-06
1.010000000e+00 1.301400000e+00 2.000000000e-06
1.020000000e+00 1.301200000e+00 2.250000000e-06
1.030000000e+00 1.301000000e+00 2.330000000e-06
1.040000000e+00 1.300900000e+00 2.330000000e-06
1.050000000e+00 1.300700000e+00 2.170000000e-06
1.060000000e+00 1.300500000e+00 1.960000000e-06
1.070000000e+00 1.300300000e+00 1.810000000e-06
1.080000000e+00 1.300200000e+00 1.740000000e-06
1.090000000e+00 1.300000000e+00 1.730000000e-06
1.100000000e+00 1.299800000e+00 1.700000000e-06
1.110000000e+00 1.299700000e+00 1.760000000e-06
1.120000000e+00 1.299500000e+00 1.820000000e-06
1.130000000e+00 1.299300000e+00 2.040000000e-06
1.140000000e+00 1.299100000e+00 2.250000000e-06
1.150000000e+00 1.299000000e+00 2.290000000e-06
1.160000000e+00 1.298800000e+00 3.040000000e-06
1.170000000e+00 1.298600000e+00 3.840000000e-06
1.180000000e+00 1.298400000e+00 4.770000000e-06
1.190000000e+00 1.298200000e+00 5.760000000e-06
1.200000000e+00 1.298000000e+00 6.710000000e-06
1.210000000e+00 1.297900000e+00 8.660000000e-06
1.220000000e+00 1.297700000e+00 1.020000000e-05
1.230000000e+00 1.297500000e+00 1.130000000e-05
1.240000000e+00 1.297300000e+00 1.220000000e-05
1.250000000e+00 1.297100000e+00 1.290000000e-05
1.260000000e+00 1.296900000e+00 1.320000000e-05
1.270000000e+00 1.296700000e+00 1.350000000e-05
1.280000000e+00 1.296500000e+00 1.330000000e-05
1.290000000e+00 1.296300000e+00 1.320000000e-05
1.300000000e+00 1.296100000e+00 1.320000000e-05
1.310000000e+00 1.295900000e+00 1.310000000e-05
1.320000000e+00 1.295700000e+00 1.320000000e-05
1.330000000e+00 1.295500000e+00 1.320000000e-05
1.340000000e+00 1.295300000e+00 1.340000000e-05
1.350000000e+00 1.295100000e+00 1.390000000e-05
1.360000000e+00 1.294900000e+00 1.420000000e-05
1.370000000e+00 1.294600000e+00 1.480000000e-05
1.380000000e+00 1.294400000e+00 1.580000000e-05
1.390000000e+00 1.294100000e+00 1.740000000e-05
1.400000000e+00 1.293900000e+00 1.980000000e-05
1.410000000e+00 1.293700000e+00 3.442000000e-05
1.420000000e+00 1.293400000e+00 5.959000000e-05
1.430000000e+00 1.293100000e+00 1.028000000e-04
1.440000000e+00 1.292900000e+00 1.516000000e-04
1.449000000e+00 1.292700000e+00 2.030000000e-04
1.460000000e+00 1.292400000e+00 2.942000000e-04
1.471000000e+00 1.292100000e+00 3.987000000e-04
1.481000000e+00 1.292000000e+00 4.941000000e-04
1.493000000e+00 1.291800000e+00 5.532000000e-04
1.504000000e+00 1.291600000e+00 5.373000000e-04
1.515000000e+00 1.291400000e+00 5.143000000e-04
1.527000000e+00 1.291200000e+00 4.908000000e-04
1.538000000e+00 1.290900000e+00 4.594000000e-04
1.563000000e+00 1.290300000e+00 3.858000000e-04
1.587000000e+00 1.289700000e+00 3.105000000e-04
1.613000000e+00 1.289000000e+00 2.659000000e-04
1.650000000e+00 1.287900000e+00 2.361000000e-04
1.680000000e+00 1.287000000e+00 2.046000000e-04
1.700000000e+00 1.286300000e+00 1.875000000e-04
1.730000000e+00 1.285300000e+00 1.650000000e-04
1.760000000e+00 1.284300000e+00 1.522000000e-04
1.800000000e+00 1.282800000e+00 1.411000000e-04
1.830000000e+00 1.281600000e+00 1.302000000e-04
1.840000000e+00 1.281100000e+00 1.310000000e-04
1.850000000e+00 1.280700000e+00 1.339000000e-04
1.855000000e+00 1.280500000e+00 1.377000000e-04
1.860000000e+00 1.280200000e+00 1.432000000e-04
1.870000000e+00 1.279700000e+00 1.632000000e-04
1.890000000e+00 1.278800000e+00 2.566000000e-04
1.905000000e+00 1.278000000e+00 4.081000000e-04
1.923000000e+00 1.277100000e+00 7.060000000e-04
1.942000000e+00 1.276200000e+00 1.108000000e-03
1.961000000e+00 1.275600000e+00 1.442000000e-03
1.980000000e+00 1.275000000e+00 1.614000000e-03
2.000000000e+00 1.274400000e+00 1.640000000e-03
2.020000000e+00 1.273600000e+00 1.566000000e-03
2.041000000e+00 1.272800000e+00 1.458000000e-03
2.062000000e+00 1.271800000e+00 1.267000000e-03
2.083000000e+00 1.270700000e+00 1.023000000e-03
2.105000000e+00 1.269400000e+00 7.586000000e-04
2.130000000e+00 1.267700000e+00 5.255000000e-04
2.150000000e+00 1.266300000e+00 4.025000000e-04
2.170000000e+00 1.264800000e+00 3.235000000e-04
2.190000000e+00 1.263300000e+00 2.707000000e-04
2.220000000e+00 1.260900000e+00 2.228000000e-04
2.240000000e+00 1.259100000e+00 2.037000000e-04
2.245000000e+00 1.258700000e+00 2.026000000e-04
2.250000000e+00 1.258200000e+00 2.035000000e-04
2.260000000e+00 1.257300000e+00 2.078000000e-04
2.270000000e+00 1.256400000e+00 2.171000000e-04
2.290000000e+00 1.254500000e+00 2.538000000e-04
2.310000000e+00 1.252500000e+00 3.138000000e-04
2.330000000e+00 1.250400000e+00 3.858000000e-04
2.350000000e+00 1.248200000e+00 4.591000000e-04
2.370000000e+00 1.245900000e+00 5.187000000e-04
2.390000000e+00 1.243500000e+00 5.605000000e-04
2.410000000e+00 1.240900000e+00 5.956000000e-04
2.430000000e+00 1.238200000e+00 6.259000000e-04
2.460000000e+00 1.233700000e+00 6.820000000e-04
2.500000000e+00 1.227000000e+00 7.530000000e-04
2.520000000e+00 1.223200000e+00 7.685000000e-04
2.550000000e+00 1.216900000e+00 7.647000000e-04
2.565000000e+00 1.213500000e+00 7.473000000e-04
2.580000000e+00 1.209700000e+00 7.392000000e-04
2.590000000e+00 1.207100000e+00 7.437000000e-04
2.600000000e+00 1.204300000e+00 7.543000000e-04
2.620000000e+00 1.198300000e+00 8.059000000e-04
2.675000000e+00 1.177600000e+00 1.367000000e-03
2.725000000e+00 1.150700000e+00 3.508000000e-03
2.778000000e+00 1.108300000e+00 1.346000000e-02
2.817000000e+00 1.065700000e+00 3.245000000e-02
2.833000000e+00 1.045300000e+00 4.572000000e-02
2.849000000e+00 1.023600000e+00 6.287000000e-02
2.865000000e+00 1.000100000e+00 8.548000000e-02
2.882000000e+00 9.747000000e-01 1.198000000e-01
2.899000000e+00 9.563000000e-01 1.690000000e-01
2.915000000e+00 9.538000000e-01 2.210000000e-01
2.933000000e+00 9.678000000e-01 2.760000000e-01
2.950000000e+00 9.873000000e-01 3.120000000e-01
2.967000000e+00 1.002600000e+00 3.470000000e-01
2.985000000e+00 1.018000000e+00 3.880000000e-01
3.003000000e+00 1.039000000e+00 4.380000000e-01
3.021000000e+00 1.072200000e+00 4.930000000e-01
3.040000000e+00 1.125900000e+00 5.540000000e-01
3.058000000e+00 1.208900000e+00 6.120000000e-01
3.077000000e+00 1.321500000e+00 6.250000000e-01
3.096000000e+00 1.422500000e+00 5.930000000e-01
3.115000000e+00 1.493300000e+00 5.390000000e-01
3.135000000e+00 1.547800000e+00 4.910000000e-01
3.155000000e+00 1.597000000e+00 4.380000000e-01
3.175000000e+00 1.633600000e+00 3.720000000e-01
3.195000000e+00 1.647700000e+00 3.000000000e-01
3.215000000e+00 1.640500000e+00 2.380000000e-01
3.236000000e+00 1.624800000e+00 1.930000000e-01
3.257000000e+00 1.610800000e+00 1.580000000e-01
3.279000000e+00 1.590500000e+00 1.210000000e-01
3.300000000e+00 1.571400000e+00 1.030000000e-01
3.322000000e+00 1.555900000e+00 8.360000000e-02
3.345000000e+00 1.539600000e+00 6.680000000e-02
3.367000000e+00 1.524100000e+00 5.312000000e-02
3.390000000e+00 1.508600000e+00 4.286000000e-02
3.413000000e+00 1.494900000e+00 3.523000000e-02
3.436000000e+00 1.482700000e+00 2.887000000e-02
3.460000000e+00 1.471000000e+00 2.347000000e-02
3.484000000e+00 1.460400000e+00 1.921000000e-02
3.509000000e+00 1.450200000e+00 1.586000000e-02
3.534000000e+00 1.441100000e+00 1.326000000e-02
3.559000000e+00 1.432800000e+00 1.130000000e-02
3.624000000e+00 1.414600000e+00 8.146000000e-03
3.732000000e+00 1.392400000e+00 6.672000000e-03
3.775000000e+00 1.385000000e+00 6.966000000e-03
3.847000000e+00 1.375000000e+00 8.248000000e-03
3.969000000e+00 1.362300000e+00 1.112000000e-02
4.099000000e+00 1.352600000e+00 1.471000000e-02
4.239000000e+00 1.344700000e+00 1.867000000e-02
4.348000000e+00 1.340600000e+00 2.411000000e-02
4.387000000e+00 1.340100000e+00 2.656000000e-02
4.444000000e+00 1.341200000e+00 2.990000000e-02
4.505000000e+00 1.344400000e+00 3.179000000e-02
4.547000000e+00 1.347300000e+00 3.090000000e-02
4.560000000e+00 1.348200000e+00 3.007000000e-02
4.580000000e+00 1.349100000e+00 2.883000000e-02
4.719000000e+00 1.347000000e+00 1.940000000e-02
4.904000000e+00 1.337900000e+00 1.347000000e-02
5.000000000e+00 1.332500000e+00 1.240000000e-02
5.100000000e+00 1.326800000e+00 1.220000000e-02
5.200000000e+00 1.321200000e+00 1.302000000e-02
5.263000000e+00 1.317600000e+00 1.380000000e-02
5.400000000e+00 1.310000000e+00 1.683000000e-02
5.556000000e+00 1.301300000e+00 2.232000000e-02
5.714000000e+00 1.293300000e+00 3.256000000e-02
5.747000000e+00 1.291700000e+00 3.539000000e-02
5.780000000e+00 1.290600000e+00 3.883000000e-02
5.814000000e+00 1.290200000e+00 4.270000000e-02
5.848000000e+00 1.290400000e+00 4.643000000e-02
5.882000000e+00 1.291500000e+00 5.045000000e-02
6.061000000e+00 1.301500000e+00 6.439000000e-02
6.135000000e+00 1.308300000e+00 6.560000000e-02
6.250000000e+00 1.315200000e+00 6.360000000e-02
6.289000000e+00 1.316700000e+00 6.265000000e-02
6.329000000e+00 1.317800000e+00 6.170000000e-02
6.369000000e+00 1.318700000e+00 6.101000000e-02
6.410000000e+00 1.319400000e+00 6.031000000e-02
6.452000000e+00 1.320100000e+00 5.964000000e-02
6.494000000e+00 1.320700000e+00 5.899000000e-02
6.579000000e+00 1.321400000e+00 5.780000000e-02
6.667000000e+00 1.321900000e+00 5.700000000e-02
6.757000000e+00 1.322900000e+00 5.680000000e-02
6.897000000e+00 1.324200000e+00 5.428000000e-02
7.042000000e+00 1.324400000e+00 5.161000000e-02
7.143000000e+00 1.323600000e+00 4.940000000e-02
7.246000000e+00 1.322900000e+00 4.840000000e-02
7.353000000e+00 1.321800000e+00 4.600000000e-02
7.463000000e+00 1.320000000e+00 4.440000000e-02
7.576000000e+00 1.318300000e+00 4.290000000e-02
7.692000000e+00 1.315800000e+00 4.041000000e-02
7.812000000e+00 1.312300000e+00 3.911000000e-02
7.937000000e+00 1.308600000e+00 3.819000000e-02
8.065000000e+00 1.304700000e+00 3.760000000e-02
8.197000000e+00 1.300700000e+00 3.724000000e-02
8.333000000e+00 1.296400000e+00 3.700000000e-02
8.475000000e+00 1.291700000e+00 3.677000000e-02
8.696000000e+00 1.283500000e+00 3.654000000e-02
8.929000000e+00 1.273500000e+00 3.664000000e-02
9.091000000e+00 1.265500000e+00 3.706000000e-02
9.259000000e+00 1.256100000e+00 3.789000000e-02
9.524000000e+00 1.238700000e+00 4.026000000e-02
9.804000000e+00 1.215100000e+00 4.450000000e-02
1.000000000e+01 1.192600000e+00 5.008000000e-02
1.020000000e+01 1.165900000e+00 6.461000000e-02
1.031000000e+01 1.150100000e+00 7.500000000e-02
1.042000000e+01 1.132300000e+00 8.800000000e-02
1.053000000e+01 1.113600000e+00 1.080000000e-01
1.064000000e+01 1.097100000e+00 1.340000000e-01
1.075000000e+01 1.086700000e+00 1.680000000e-01
1.087000000e+01 1.083300000e+00 2.040000000e-01
1.100000000e+01 1.088600000e+00 2.480000000e-01
1.111000000e+01 1.102300000e+00 2.800000000e-01
1.136000000e+01 1.143900000e+00 3.410000000e-01
1.163000000e+01 1.198300000e+00 3.790000000e-01
1.190000000e+01 1.254600000e+00 4.090000000e-01
1.220000000e+01 1.319400000e+00 4.220000000e-01
1.250000000e+01 1.382200000e+00 4.220000000e-01
1.282000000e+01 1.441200000e+00 4.030000000e-01
1.299000000e+01 1.468300000e+00 3.890000000e-01
1.316000000e+01 1.492800000e+00 3.740000000e-01
1.333000000e+01 1.513200000e+00 3.540000000e-01
1.351000000e+01 1.530000000e+00 3.350000000e-01
1.370000000e+01 1.545800000e+00 3.150000000e-01
1.389000000e+01 1.559600000e+00 2.940000000e-01
1.408000000e+01 1.570100000e+00 2.710000000e-01
1.429000000e+01 1.577500000e+00 2.460000000e-01
1.471000000e+01 1.576200000e+00 1.980000000e-01
1.515000000e+01 1.563700000e+00 1.640000000e-01
1.538000000e+01 1.555900000e+00 1.520000000e-01
1.563000000e+01 1.548100000e+00 1.420000000e-01
1.613000000e+01 1.535300000e+00 1.280000000e-01
1.639000000e+01 1.530200000e+00 1.250000000e-01
1.667000000e+01 1.529400000e+00 1.230000000e-01
1.695000000e+01 1.530600000e+00 1.160000000e-01
1.724000000e+01 1.530300000e+00 1.070000000e-01
1.818000000e+01 1.514100000e+00 7.900000000e-02
1.832000000e+01 1.510400000e+00 7.752000000e-02
1.861000000e+01 1.504300000e+00 7.455000000e-02
1.887000000e+01 1.498200000e+00 7.200000000e-02
1.923000000e+01 1.493900000e+00 7.600000000e-02
1.961000000e+01 1.496300000e+00 7.500000000e-02
2.000000000e+01 1.498600000e+00 6.700000000e-02
2.041000000e+01 1.495600000e+00 5.500000000e-02
2.083000000e+01 1.487700000e+00 4.500000000e-02
2.222000000e+01 1.457500000e+00 2.900000000e-02
2.260000000e+01 1.448600000e+00 2.750000000e-02
2.305000000e+01 1.439000000e+00 2.700000000e-02
2.360000000e+01 1.428200000e+00 2.730000000e-02
2.460000000e+01 1.410200000e+00 2.890000000e-02
2.500000000e+01 1.403000000e+00 3.000000000e-02
2.600000000e+01 1.385400000e+00 3.400000000e-02
2.857000000e+01 1.340400000e+00 5.122000000e-02
3.100000000e+01 1.296900000e+00 8.615000000e-02
3.333000000e+01 1.264100000e+00 1.348000000e-01
3.448000000e+01 1.253000000e+00 1.615000000e-01
3.564000000e+01 1.244500000e+00 1.895000000e-01
3.700000000e+01 1.237100000e+00 2.227000000e-01
3.824000000e+01 1.231700000e+00 2.528000000e-01
3.960000000e+01 1.224300000e+00 2.853000000e-01
4.114000000e+01 1.205400000e+00 3.240000000e-01
4.276000000e+01 1.174200000e+00 3.945000000e-01
4.358000000e+01 1.154900000e+00 4.521000000e-01
4.458000000e+01 1.149600000e+00 5.535000000e-01
4.550000000e+01 1.185300000e+00 6.782000000e-01
4.615000000e+01 1.254300000e+00 7.684000000e-01
4.671000000e+01 1.347400000e+00 8.254000000e-01
4.736000000e+01 1.472500000e+00 8.458000000e-01
4.800000000e+01 1.587400000e+00 8.158000000e-01
4.878000000e+01 1.684100000e+00 7.414000000e-01
5.003000000e+01 1.750500000e+00 6.191000000e-01
5.128000000e+01 1.764900000e+00 5.353000000e-01
5.275000000e+01 1.766800000e+00 4.780000000e-01
5.350000000e+01 1.768700000e+00 4.599000000e-01
5.424000000e+01 1.779200000e+00 4.468000000e-01
5.500000000e+01 1.795500000e+00 4.214000000e-01
5.574000000e+01 1.805200000e+00 3.860000000e-01
5.640000000e+01 1.804100000e+00 3.508000000e-01
5.700000000e+01 1.794000000e+00 3.196000000e-01
5.746000000e+01 1.780500000e+00 2.981000000e-01
5.840000000e+01 1.741000000e+00 2.659000000e-01
5.929000000e+01 1.693000000e+00 2.569000000e-01
6.000000000e+01 1.661000000e+00 2.785000000e-01
6.100000000e+01 1.641900000e+00 3.076000000e-01
6.125000000e+01 1.639600000e+00 3.146000000e-01
6.250000000e+01 1.637200000e+00 3.471000000e-01
6.378000000e+01 1.647100000e+00 3.748000000e-01
6.467000000e+01 1.659600000e+00 3.902000000e-01
6.558000000e+01 1.675400000e+00 4.024000000e-01
6.655000000e+01 1.694500000e+00 4.115000000e-01
6.760000000e+01 1.716700000e+00 4.167000000e-01
6.900000000e+01 1.746600000e+00 4.167000000e-01
7.053000000e+01 1.778000000e+00 4.089000000e-01
7.300000000e+01 1.818500000e+00 3.830000000e-01
7.500000000e+01 1.841900000e+00 3.543000000e-01
7.629000000e+01 1.850400000e+00 3.340000000e-01
8.000000000e+01 1.861700000e+00 2.944000000e-01
8.297000000e+01 1.866900000e+00 2.679000000e-01
8.500000000e+01 1.868800000e+00 2.519000000e-01
8.680000000e+01 1.869900000e+00 2.390000000e-01
9.080000000e+01 1.869800000e+00 2.140000000e-01
9.517000000e+01 1.868100000e+00 1.913000000e-01
1.000000000e+02 1.865400000e+00 1.706000000e-01
1.200000000e+02 1.849900000e+00 1.151000000e-01
1.600000000e+02 1.826800000e+00 6.684000000e-02
2.100000000e+02 1.811400000e+00 4.282000000e-02
3.000000000e+02 1.798900000e+00 2.549000000e-02
5.000000000e+02 1.790800000e+00 1.405000000e-02
1.300000000e+03 1.786800000e+00 5.173000000e-03
5.000000000e+03 1.786100000e+00 1.337000000e-03
1.900000000e+04 1.786100000e+00 3.574000000e-04
3.900000000e+04 1.786100000e+00 1.839000000e-04
6.100000000e+04 1.786100000e+00 1.294000000e-04
8.600000000e+04 1.786100000e+00 1.058000000e-04
1.100000000e+05 1.786100000e+00 9.675000000e-05
1.400000000e+05 1.786100000e+00 9.360000000e-05
1.800000000e+05 1.786100000e+00 9.613000000e-05
2.400000000e+05 1.786100000e+00 1.066000000e-04
3.400000000e+05 1.786100000e+00 1.312000000e-04
5.400000000e+05 1.786100000e+00 1.895000000e-04
1.000000000e+06 1.786100000e+00 3.348000000e-04
2.000000000e+06 1.786100000e+00 6.596000000e-04
